1601	2
1601	5
1601	7
1602	9
1602	11
1604	14
1604	16
1604	18
1604	20
1603	23
1603	25
1603	27
1603	30
1603	32
1604	34
1604	36
1604	39
1604	41
1604	44
1603	47
1603	49
1602	51
1602	53
1603	56
1603	58
1603	60
1603	63
1602	65
1602	67
1601	70
1602	72
1601	74
1601	76
1600	79
1600	81
1599	83
1599	87
1598	89
1599	91
1599	93
1600	96
1599	98
1598	100
1597	103
1597	105
1597	107
1596	110
1595	112
1595	114
1594	117
1594	119
1595	121
1596	124
1596	126
1597	129
1598	132
1597	134
1596	136
1594	139
1593	141
1592	143
1592	146
1592	148
1592	151
1591	153
1591	155
1590	158
1590	160
1589	162
1588	165
1587	167
1586	169
1585	173
1586	175
1586	177
1586	180
1587	182
1587	184
1585	187
1585	189
1584	191
1584	194
1584	196
1584	198
1584	201
1584	203
1584	205
1584	208
1585	210
1586	212
1586	216
1585	218
1584	221
1583	223
1582	225
1582	228
1582	230
1581	232
1581	235
1580	237
1580	239
1580	242
1579	244
1578	246
1578	249
1578	251
1578	253
1578	257
1578	259
1578	261
1579	264
1579	266
1578	268
1578	271
1577	273
1576	275
1576	278
1575	280
1575	282
1574	285
1574	287
1574	290
1575	292
1575	294
1574	297
1573	300
1573	302
1572	305
1573	307
1574	309
1576	312
1577	314
1576	316
1575	319
1574	321
1573	323
1573	326
1572	328
1572	330
1572	333
1572	335
1572	337
1573	340
1573	343
1573	345
1574	348
1573	350
1572	352
1572	355
1572	357
1572	360
1572	362
1573	364
1573	367
1573	369
1572	371
1572	374
1571	376
1572	378
1572	381
1572	384
1572	386
1572	389
1573	391
1573	393
1574	396
1574	398
1574	400
1574	403
1573	405
1573	407
1573	410
1572	412
1571	414
1569	417
1568	419
1568	421
1568	424
1568	427
1567	430
1567	432
1567	434
1567	437
1568	439
1568	441
1568	444
1567	446
1566	448
1566	451
1567	453
1570	455
1573	458
1574	460
1570	462
1566	465
1563	467
1562	470
1562	473
1564	475
1566	477
1568	480
1568	482
1567	484
1566	487
1565	489
1566	491
1571	494
1575	496
1575	499
1573	501
1569	503
1565	506
1566	508
1572	510
1579	514
1585	516
1585	518
1581	521
1575	523
1571	525
1568	528
1565	530
1563	532
1561	535
1558	537
1556	539
1556	542
1556	544
1556	546
1558	549
1560	551
1562	553
1564	557
1566	559
1568	561
1569	564
1567	566
1564	569
1562	571
1559	573
1556	576
1554	578
1552	580
1552	583
1552	585
1552	587
1553	590
1555	592
1556	594
1555	598
1554	600
1552	602
1552	605
1553	607
1554	609
1558	612
1563	614
1570	616
1574	619
1577	621
1577	623
1575	626
1573	628
1570	630
1568	633
1567	635
1570	638
1574	641
1575	643
1575	646
1572	648
1565	650
1559	653
1552	655
1549	657
1547	660
1548	662
1550	664
1551	667
1551	669
1551	671
1552	674
1551	676
1548	678
1545	681
1542	684
1540	686
1538	689
1539	691
1546	693
1554	696
1557	698
1556	700
1551	703
1546	705
1542	708
1540	710
1538	712
1536	715
1533	717
1529	719
1527	722
1526	724
1527	727
1527	730
1526	732
1524	734
1520	737
1518	739
1519	741
1521	744
1523	746
1527	748
1531	751
1533	753
1534	755
1532	758
1530	760
1530	762
1528	765
1525	768
1522	770
1522	773
1521	775
1520	778
1518	780
1516	782
1516	785
1516	787
1515	789
1515	792
1514	794
1513	796
1512	799
1507	801
1502	803
1500	806
1501	808
1502	811
1504	814
1506	816
1510	818
1512	821
1515	823
1516	825
1516	828
1515	830
1511	832
1506	835
1504	837
1505	839
1513	842
1522	844
1531	847
1538	849
1538	851
1534	855
1528	857
1524	859
1523	862
1525	864
1530	866
1533	869
1534	871
1534	873
1534	876
1532	878
1531	880
1531	883
1530	885
1531	887
1531	890
1532	892
1536	894
1545	898
1557	900
1562	902
1561	905
1557	907
1552	909
1548	912
1547	914
1548	917
1550	919
1555	921
1561	924
1565	926
1569	928
1573	931
1574	933
1574	935
1578	939
1583	941
1588	943
1592	946
1595	948
1595	950
1590	953
1589	955
1585	957
1580	960
1576	962
1570	964
1566	967
1563	969
1559	971
1557	974
1553	976
1550	978
1548	982
1547	984
1548	987
1549	989
1551	991
1555	994
1562	996
1572	998
1577	1001
1577	1003
1574	1005
1568	1008
1565	1010
1564	1013
1561	1015
1560	1017
1562	1020
1564	1022
1563	1026
1559	1028
1565	1030
1572	1033
1574	1035
1572	1037
1569	1040
1566	1042
1559	1045
1554	1047
1549	1049
1548	1052
1547	1054
1543	1057
1541	1059
1538	1061
1534	1064
1531	1067
1528	1070
1526	1072
1525	1074
1527	1077
1526	1079
1522	1082
1515	1084
1513	1086
1517	1089
1521	1091
1524	1094
1534	1096
1539	1098
1539	1101
1535	1103
1523	1106
1510	1108
1519	1111
1536	1114
1543	1116
1543	1118
1540	1121
1541	1123
1548	1126
1546	1128
1538	1130
1526	1133
1518	1135
1508	1138
1495	1140
1486	1142
1477	1145
1477	1147
1480	1150
1481	1153
1481	1155
1481	1158
1478	1160
1476	1163
1470	1165
1470	1167
1470	1170
1470	1172
1485	1175
1501	1177
1506	1179
1500	1182
1489	1184
1483	1187
1481	1189
1479	1191
1475	1195
1472	1197
1472	1199
1478	1202
1482	1204
1483	1207
1483	1209
1483	1211
1486	1214
1487	1216
1480	1219
1470	1221
1463	1223
1462	1226
1465	1228
1475	1231
1495	1233
1506	1235
1496	1239
1471	1241
1457	1244
1452	1246
1449	1248
1447	1251
1444	1253
1442	1256
1441	1258
1439	1260
1434	1263
1434	1265
1435	1268
1438	1270
1440	1272
1441	1275
1440	1277
1440	1280
1441	1283
1440	1285
1437	1288
1440	1290
1448	1292
1452	1295
1457	1297
1459	1300
1460	1302
1462	1304
1460	1307
1461	1309
1462	1312
1462	1314
1463	1316
1458	1319
1455	1321
1454	1325
1458	1327
1461	1329
1458	1332
1454	1334
1449	1337
1442	1339
1437	1341
1436	1344
1434	1346
1436	1349
1445	1351
1451	1353
1452	1356
1452	1358
1451	1360
1451	1363
1459	1366
1465	1369
1469	1371
1472	1373
1470	1376
1469	1378
1471	1381
1471	1383
1471	1385
1470	1388
1473	1390
1479	1393
1484	1395
1489	1397
1490	1400
1491	1402
1490	1405
1493	1408
1494	1410
1496	1413
1498	1415
1503	1418
1512	1420
1528	1422
1539	1425
1551	1427
1558	1429
1554	1432
1550	1434
1549	1437
1551	1439
1554	1441
1557	1444
1564	1446
1574	1449
1587	1452
1597	1454
1598	1457
1597	1459
1592	1462
1583	1464
1579	1466
1575	1469
1576	1471
1579	1474
1585	1476
1594	1478
1599	1481
1603	1483
1598	1486
1595	1488
1597	1490
1598	1494
1596	1496
1596	1499
1601	1501
1617	1503
1633	1506
1644	1508
1647	1510
1641	1513
1641	1515
1640	1518
1641	1520
1642	1522
1642	1525
1643	1527
1649	1530
1657	1532
1660	1534
1657	1538
1652	1540
1646	1543
1641	1545
1644	1547
1650	1550
1653	1552
1649	1555
1644	1557
1642	1559
1643	1562
1644	1564
1645	1567
1644	1569
1645	1571
1646	1574
1642	1576
1644	1580
1652	1582
1662	1584
1665	1587
1659	1589
1651	1591
1648	1594
1644	1596
1640	1599
1638	1601
1637	1603
1636	1606
1628	1608
1620	1611
1616	1613
1619	1615
1621	1618
1624	1620
1629	1624
1635	1626
1642	1628
1642	1631
1636	1633
1631	1636
1625	1638
1623	1640
1622	1643
1620	1645
1617	1648
1618	1650
1617	1652
1618	1655
1626	1657
1630	1659
1631	1662
1628	1665
1619	1668
1616	1670
1614	1672
1617	1675
1622	1677
1629	1680
1633	1682
1632	1684
1627	1687
1623	1689
1621	1692
1623	1694
1628	1696
1629	1699
1628	1701
1626	1704
1624	1707
1622	1709
1620	1712
1621	1714
1621	1717
1619	1719
1618	1721
1619	1724
1625	1726
1631	1729
1635	1731
1634	1733
1629	1736
1629	1738
1637	1740
1645	1743
1650	1745
1648	1748
1639	1751
1633	1753
1630	1756
1630	1758
1630	1761
1632	1763
1635	1765
1635	1768
1636	1770
1640	1773
1644	1775
1646	1777
1646	1780
1644	1782
1640	1785
1637	1787
1634	1789
1633	1793
1632	1795
1631	1798
1631	1800
1636	1802
1640	1805
1638	1807
1637	1809
1640	1812
1638	1814
1641	1817
1643	1819
1641	1821
1636	1824
1627	1826
1623	1829
1620	1831
1618	1833
1618	1837
1619	1839
1620	1842
1623	1844
1627	1846
1631	1849
1634	1851
1635	1854
1639	1856
1648	1858
1650	1861
1644	1863
1635	1866
1629	1868
1630	1870
1633	1873
1636	1875
1633	1879
1627	1881
1624	1883
1617	1886
1611	1888
1612	1890
1619	1893
1624	1895
1625	1898
1624	1900
1620	1902
1615	1905
1611	1907
1614	1910
1626	1912
1637	1914
1644	1917
1645	1920
1638	1923
1632	1925
1627	1927
1624	1930
1624	1932
1626	1935
1632	1937
1643	1939
1648	1942
1650	1944
1646	1947
1639	1949
1636	1951
1634	1954
1634	1956
1637	1959
1643	1961
1648	1964
1651	1967
1649	1969
1645	1971
1643	1974
1648	1976
1652	1979
1650	1981
1639	1983
1633	1986
1633	1988
1632	1991
1634	1993
1638	1995
1641	1998
1643	2000
1640	2003
1638	2006
1638	2008
1642	2011
1645	2013
1644	2016
1640	2018
1641	2020
1640	2023
1638	2025
1640	2028
1643	2030
1646	2032
1648	2035
1654	2037
1649	2040
1643	2042
1634	2044
1628	2048
1631	2050
1638	2052
1639	2055
1633	2057
1621	2060
1616	2062
1623	2064
1630	2067
1628	2069
1623	2072
1611	2074
1603	2076
1600	2079
1602	2081
1603	2084
1606	2086
1610	2088
1608	2092
1606	2094
1597	2097
1592	2099
1587	2101
1582	2104
1581	2106
1589	2109
1601	2111
1604	2113
1602	2116
1595	2118
1588	2121
1581	2123
1574	2125
1574	2128
1578	2130
1580	2132
1581	2136
1581	2138
1580	2141
1584	2143
1585	2145
1583	2148
1582	2150
1578	2153
1575	2155
1572	2157
1572	2160
1576	2162
1579	2165
1580	2167
1575	2169
1569	2172
1563	2174
1559	2178
1557	2180
1562	2182
1567	2185
1570	2187
1565	2190
1555	2192
1551	2194
1547	2197
1547	2199
1552	2202
1558	2204
1561	2206
1560	2209
1560	2211
1557	2213
1552	2216
1548	2219
1551	2222
1552	2224
1552	2226
1550	2229
1544	2231
1543	2234
1541	2236
1535	2238
1530	2241
1526	2243
1529	2246
1534	2248
1540	2250
1540	2253
1533	2255
1527	2258
1523	2260
1521	2263
1521	2266
1522	2268
1525	2271
1528	2273
1528	2275
1523	2278
1520	2280
1520	2283
1524	2285
1525	2287
1526	2290
1526	2292
1522	2294
1515	2297
1506	2299
1505	2302
1506	2305
1507	2307
1509	2310
1514	2312
1519	2315
1522	2317
1516	2319
1511	2322
1508	2324
1505	2327
1506	2329
1510	2331
1510	2334
1506	2336
1502	2339
1504	2341
1507	2343
1509	2347
1514	2349
1516	2352
1517	2354
1518	2356
1516	2359
1513	2361
1509	2364
1506	2366
1503	2368
1502	2371
1502	2373
1501	2375
1504	2378
1509	2380
1515	2383
1521	2385
1526	2387
1527	2391
1526	2393
1522	2396
1520	2398
1516	2400
1520	2403
1531	2405
1534	2408
1529	2410
1520	2412
1515	2415
1513	2417
1513	2420
1511	2422
1510	2424
1512	2427
1516	2429
1518	2433
1516	2435
1515	2437
1514	2440
1517	2442
1517	2445
1517	2447
1529	2449
1543	2452
1551	2454
1551	2456
1543	2459
1540	2461
1538	2464
1535	2466
1534	2468
1529	2471
1523	2473
1521	2477
1524	2479
1527	2481
1528	2484
1528	2486
1530	2489
1536	2491
1542	2493
1546	2496
1545	2498
1541	2501
1539	2503
1535	2505
1532	2508
1528	2510
1524	2513
1518	2515
1513	2518
1512	2521
1515	2523
1520	2526
1526	2528
1529	2530
1527	2533
1524	2535
1523	2537
1522	2540
1522	2542
1522	2545
1522	2547
1523	2549
1526	2552
1536	2554
1543	2557
1544	2560
1540	2562
1531	2565
1527	2567
1526	2570
1522	2572
1520	2574
1515	2577
1514	2579
1514	2582
1516	2584
1519	2586
1522	2589
1522	2591
1522	2594
1520	2596
1517	2598
1513	2601
1511	2604
1511	2607
1510	2609
1510	2611
1513	2614
1515	2616
1515	2618
1510	2621
1508	2623
1512	2626
1521	2628
1533	2630
1541	2633
1540	2635
1528	2638
1520	2640
1516	2642
1514	2646
1515	2648
1519	2651
1521	2653
1524	2655
1524	2658
1520	2660
1518	2663
1519	2665
1522	2667
1530	2670
1535	2672
1534	2675
1536	2677
1535	2679
1529	2682
1525	2684
1525	2688
1525	2690
1528	2692
1529	2695
1526	2697
1522	2700
1517	2702
1514	2704
1511	2707
1508	2709
1505	2711
1510	2714
1520	2716
1530	2719
1534	2721
1527	2723
1517	2726
1519	2728
1523	2732
1524	2734
1520	2736
1517	2739
1511	2741
1507	2744
1506	2746
1507	2748
1511	2751
1513	2753
1516	2756
1522	2758
1524	2760
1527	2763
1528	2765
1523	2768
1519	2770
1512	2772
1507	2776
1505	2778
1503	2780
1506	2783
1512	2785
1519	2788
1517	2790
1510	2792
1506	2795
1503	2797
1499	2800
1495	2802
1494	2804
1490	2807
1489	2809
1490	2812
1494	2814
1500	2817
1501	2820
1498	2822
1496	2825
1491	2827
1490	2829
1488	2832
1487	2834
1494	2837
1499	2839
1503	2841
1501	2844
1497	2846
1494	2849
1494	2851
1497	2853
1499	2856
1500	2859
1500	2861
1499	2864
1499	2866
1499	2869
1499	2871
1497	2873
1495	2876
1494	2878
1496	2881
1496	2883
1490	2885
1489	2888
1490	2890
1491	2893
1494	2895
1498	2897
1501	2900
1503	2903
1498	2906
1494	2908
1492	2910
1488	2913
1488	2915
1488	2918
1492	2920
1501	2922
1508	2925
1506	2927
1493	2930
1484	2932
1487	2934
1492	2937
1493	2939
1489	2941
1487	2945
1486	2947
1485	2950
1483	2952
1480	2954
1478	2957
1478	2959
1483	2962
1489	2964
1495	2966
1497	2969
1494	2971
1488	2974
1486	2976
1483	2978
1479	2981
1476	2983
1474	2987
1472	2989
1471	2991
1473	2994
1475	2996
1474	2999
1472	3001
1472	3003
1475	3006
1477	3008
1479	3011
1480	3013
1485	3015
1491	3018
1495	3020
1503	3023
1511	3025
1518	3027
1520	3031
1515	3033
1515	3035
1517	3038
1518	3040
1513	3043
1508	3045
1502	3047
1500	3050
1500	3052
1501	3055
1501	3057
1500	3059
1500	3062
1501	3064
1500	3067
1501	3069
1504	3072
1508	3075
1511	3077
1513	3080
1512	3082
1514	3084
1514	3087
1512	3089
1509	3092
1510	3094
1513	3096
1516	3099
1515	3101
1521	3104
1528	3106
1530	3108
1530	3111
1524	3113
1526	3116
1528	3119
1528	3121
1528	3124
1530	3126
1528	3128
1527	3131
1528	3133
1533	3136
1532	3138
1525	3140
1519	3143
1518	3145
1516	3148
1514	3150
1512	3152
1509	3155
1511	3158
1517	3161
1524	3163
1528	3165
1529	3168
1526	3170
1521	3173
1514	3175
1509	3177
1512	3180
1521	3182
1527	3185
1531	3187
1534	3189
1534	3192
1532	3194
1523	3196
1514	3200
1511	3202
1509	3205
1507	3207
1505	3209
1503	3212
1503	3214
1502	3217
1503	3219
1503	3221
1507	3224
1511	3226
1510	3229
1507	3231
1508	3233
1513	3236
1522	3238
1524	3241
1516	3244
1507	3246
1499	3249
1493	3251
1487	3254
1484	3256
1483	3258
1481	3261
1482	3263
1484	3266
1485	3268
1490	3270
1496	3273
1498	3275
1498	3277
1501	3280
1507	3282
1510	3286
1508	3288
1503	3290
1497	3293
1496	3295
1497	3298
1494	3300
1491	3302
1490	3305
1490	3307
1487	3310
1486	3312
1485	3314
1484	3317
1488	3319
1490	3322
1488	3324
1485	3326
1484	3330
1486	3332
1487	3335
1486	3337
1484	3339
1486	3342
1491	3344
1501	3347
1509	3349
1509	3351
1502	3354
1492	3356
1490	3358
1488	3361
1488	3363
1492	3366
1497	3368
1502	3371
1510	3374
1512	3376
1511	3379
1502	3381
1496	3383
1497	3386
1498	3388
1498	3391
1494	3393
1488	3395
1486	3398
1485	3400
1483	3403
1482	3405
1481	3407
1481	3410
1482	3412
1483	3416
1482	3418
1481	3420
1480	3423
1480	3425
1481	3428
1480	3430
1480	3432
1481	3435
1484	3437
1492	3439
1504	3442
1513	3444
1515	3447
1508	3449
1498	3451
1494	3454
1493	3457
1495	3460
1496	3462
1497	3464
1494	3467
1495	3469
1497	3472
1497	3474
1496	3476
1493	3479
1490	3481
1489	3484
1488	3486
1489	3488
1491	3491
1493	3493
1496	3496
1496	3499
1497	3501
1498	3504
1499	3506
1501	3509
1504	3511
1507	3513
1512	3516
1513	3518
1511	3520
1506	3523
1502	3525
1505	3528
1512	3530
1519	3532
1523	3535
1521	3537
1518	3540
1515	3543
1512	3545
1512	3548
1512	3550
1513	3553
1514	3555
1515	3557
1519	3560
1523	3562
1521	3565
1516	3567
1513	3569
1512	3572
1515	3574
1520	3577
1520	3579
1517	3581
1509	3585
1503	3587
1499	3590
1497	3592
1498	3594
1499	3597
1498	3599
1494	3601
1493	3604
1498	3606
1504	3609
1506	3611
1505	3613
1505	3616
1509	3618
1513	3621
1513	3623
1510	3625
1508	3629
1505	3631
1508	3634
1512	3636
1514	3638
1514	3641
1514	3643
1519	3646
1523	3648
1524	3650
1529	3653
1528	3655
1523	3658
1518	3660
1514	3662
1512	3665
1512	3667
1514	3671
1515	3673
1514	3675
1513	3678
1509	3680
1509	3682
1511	3685
1510	3687
1509	3690
1502	3692
1500	3694
1501	3697
1502	3699
1502	3702
1501	3704
1502	3706
1502	3709
1503	3712
1506	3715
1513	3717
1518	3719
1520	3722
1519	3724
1519	3727
1518	3729
1522	3731
1525	3734
1524	3736
1523	3739
1520	3741
1518	3743
1515	3746
1515	3748
1518	3751
1520	3753
1516	3756
1511	3759
1510	3761
1512	3763
1514	3766
1513	3768
1507	3771
1499	3773
1494	3775
1495	3778
1498	3780
1502	3783
1507	3785
1511	3787
1508	3790
1503	3792
1499	3795
1495	3798
1492	3800
1491	3803
1494	3805
1500	3808
1506	3810
1503	3812
1498	3815
1497	3817
1506	3820
1513	3822
1513	3824
1509	3827
1506	3829
1505	3832
1504	3834
1505	3836
1508	3840
1511	3842
1511	3844
1509	3847
1507	3849
1505	3852
1503	3854
1499	3856
1499	3859
1500	3861
1503	3864
1508	3866
1516	3868
1524	3871
1526	3873
1523	3876
1516	3878
1509	3880
1503	3884
1498	3886
1494	3889
1492	3891
1497	3893
1502	3896
1505	3898
1504	3901
1500	3903
1497	3905
1495	3908
1495	3910
1498	3913
1503	3915
1506	3917
1510	3920
1506	3922
1502	3924
1498	3928
1500	3930
1504	3933
1508	3935
1513	3937
1515	3940
1515	3942
1513	3945
1508	3947
1508	3949
1506	3952
1503	3954
1500	3957
1496	3959
1494	3961
1494	3964
1495	3966
1495	3970
1497	3972
1502	3974
1503	3977
1501	3979
1499	3982
1497	3984
1496	3986
1501	3989
1508	3991
1519	3994
1527	3996
1525	3998
1512	4001
1505	4003
1502	4005
1501	4008
1503	4011
1508	4014
1518	4016
1525	4018
1525	4021
1524	4023
1515	4026
1507	4028
1501	4030
1502	4033
1504	4035
1507	4038
1507	4040
1505	4042
1505	4045
1509	4047
1512	4050
1514	4052
1513	4055
1513	4058
1514	4060
1515	4063
1518	4065
1521	4067
1520	4070
1519	4072
1517	4075
1518	4077
1524	4079
1528	4082
1531	4084
1528	4086
1518	4089
1512	4091
1508	4094
1507	4097
1506	4099
1509	4102
1513	4104
1515	4107
1519	4109
1520	4111
1517	4114
1516	4116
1517	4119
1517	4121
1512	4123
1506	4126
1511	4128
1523	4131
1532	4133
1538	4135
1534	4139
1524	4141
1518	4144
1510	4146
1506	4148
1504	4151
1502	4153
1501	4156
1501	4158
1503	4160
1507	4163
1513	4165
1518	4167
1516	4170
1512	4172
1506	4175
1499	4177
1497	4179
1498	4183
1504	4185
1512	4188
1519	4190
1524	4192
1524	4195
1522	4197
1520	4200
1523	4202
1528	4204
1529	4207
1524	4209
1516	4212
1510	4214
1511	4216
1513	4219
1519	4221
1524	4225
1524	4227
1519	4229
1513	4232
1509	4234
1509	4237
1508	4239
1506	4241
1505	4244
1505	4246
1506	4248
1507	4251
1504	4253
1504	4256
1506	4258
1508	4260
1510	4263
1508	4265
1507	4269
1509	4271
1517	4273
1524	4276
1525	4278
1521	4281
1518	4283
1523	4285
1527	4288
1523	4290
1512	4293
1507	4295
1505	4297
1505	4300
1505	4302
1503	4305
1504	4307
1509	4310
1514	4313
1513	4315
1506	4318
1501	4320
1500	4322
1503	4325
1510	4327
1515	4329
1516	4332
1513	4334
1511	4337
1510	4339
1510	4341
1510	4344
1507	4346
1502	4349
1501	4352
1503	4354
1504	4357
1506	4359
1511	4362
1513	4364
1510	4366
1508	4369
1511	4371
1513	4374
1511	4376
1506	4378
1502	4381
1503	4383
1504	4386
1507	4388
1510	4390
1513	4393
1515	4396
1517	4399
1520	4401
1522	4403
1519	4406
1517	4408
1514	4410
1511	4413
1512	4415
1516	4418
1519	4420
1518	4422
1514	4425
1512	4427
1517	4430
1524	4432
1529	4434
1529	4438
1518	4440
1511	4443
1509	4445
1512	4447
1514	4450
1513	4452
1509	4455
1503	4457
1499	4459
1497	4462
1499	4464
1504	4467
1508	4469
1508	4471
1505	4474
1503	4476
1501	4480
1502	4482
1506	4484
1509	4487
1509	4489
1509	4491
1513	4494
1518	4496
1520	4499
1523	4501
1518	4503
1513	4506
1507	4508
1501	4511
1500	4513
1501	4515
1503	4518
1504	4520
1501	4524
1500	4526
1503	4528
1508	4531
1509	4533
1508	4536
1503	4538
1502	4540
1501	4543
1500	4545
1503	4548
1506	4550
1507	4552
1504	4555
1502	4557
1499	4560
1501	4562
1504	4564
1508	4568
1510	4570
1511	4572
1507	4575
1503	4577
1501	4580
1500	4582
1501	4584
1504	4587
1508	4589
1512	4592
1513	4594
1513	4596
1517	4599
1522	4601
1534	4604
1542	4606
1542	4609
1534	4612
1526	4614
1522	4617
1520	4619
1516	4621
1511	4624
1508	4626
1506	4629
1503	4631
1502	4633
1506	4636
1508	4638
1509	4641
1513	4643
1515	4645
1513	4648
1511	4651
1513	4653
1513	4656
1512	4658
1513	4661
1521	4663
1530	4665
1535	4668
1532	4670
1523	4673
1517	4675
1517	4677
1525	4680
1534	4682
1539	4685
1535	4687
1529	4689
1528	4692
1531	4695
1535	4698
1539	4700
1537	4702
1529	4705
1521	4707
1517	4710
1513	4712
1511	4714
1512	4717
1514	4719
1515	4722
1515	4724
1516	4726
1516	4729
1514	4731
1511	4733
1512	4737
1513	4739
1513	4742
1514	4744
1513	4746
1513	4749
1517	4751
1521	4754
1523	4756
1529	4758
1529	4761
1527	4763
1524	4766
1524	4768
1526	4770
1527	4773
1526	4775
1527	4779
1527	4781
1529	4783
1534	4786
1541	4788
1546	4791
1546	4793
1542	4795
1532	4798
1527	4800
1527	4803
1529	4805
1531	4807
1531	4810
1529	4812
1524	4815
1520	4817
1518	4819
1515	4823
1512	4825
1511	4827
1513	4830
1518	4832
1519	4835
1514	4837
1512	4839
1512	4842
1511	4844
1512	4847
1517	4849
1524	4851
1530	4854
1527	4856
1520	4859
1510	4861
1513	4864
1517	4867
1516	4869
1512	4872
1508	4874
1507	4876
1504	4879
1501	4881
1500	4884
1500	4886
1502	4888
1503	4891
1504	4893
1505	4896
1506	4898
1502	4900
1503	4903
1508	4905
1520	4908
1528	4911
1526	4913
1518	4916
1511	4918
1514	4920
1520	4923
1523	4925
1519	4928
1506	4930
1499	4932
1502	4935
1509	4937
1511	4940
1509	4942
1503	4944
1498	4947
1497	4950
1496	4953
1495	4955
1493	4957
1494	4960
1498	4962
1505	4965
1511	4967
1513	4969
1508	4972
1500	4974
1497	4977
1499	4979
1501	4981
1500	4984
1500	4986
1502	4988
1505	4992
1508	4994
1512	4997
1512	4999
1506	5001
1503	5004
1500	5006
1498	5009
1499	5011
1504	5013
1514	5016
1522	5018
1526	5021
1528	5023
1523	5025
1513	5028
1504	5030
1497	5033
1494	5036
1493	5038
1491	5041
1488	5043
1489	5046
1496	5048
1504	5050
1508	5053
1505	5055
1502	5058
1499	5060
1496	5062
1495	5065
1497	5067
1503	5069
1511	5072
1514	5074
1511	5078
1508	5080
1505	5082
1507	5085
1511	5087
1511	5090
1509	5092
1511	5094
1513	5097
1515	5099
1511	5102
1504	5104
1498	5106
1498	5109
1500	5111
1502	5114
1502	5116
1502	5118
1502	5122
1504	5124
1505	5127
1503	5129
1504	5131
1510	5134
1513	5136
1517	5139
1518	5141
1511	5143
1508	5146
1506	5148
1511	5151
1515	5153
1517	5155
1519	5158
1514	5160
1513	5163
1513	5166
1510	5168
1508	5171
1508	5173
1510	5175
1511	5178
1513	5180
1515	5183
1514	5185
1514	5187
1516	5190
1519	5192
1521	5195
1523	5197
1521	5199
1517	5202
1517	5204
1514	5208
1511	5210
1507	5212
1507	5215
1508	5217
1509	5220
1507	5222
1504	5224
1503	5227
1505	5229
1506	5232
1507	5234
1509	5236
1509	5239
1507	5241
1508	5244
1515	5246
1522	5249
1526	5252
1527	5254
1522	5256
1517	5259
1514	5261
1515	5264
1515	5266
1518	5268
1518	5271
1518	5273
1515	5276
1510	5278
1507	5280
1505	5283
1503	5285
1500	5288
1497	5291
1497	5293
1498	5296
1501	5298
1505	5301
1506	5303
1505	5305
1502	5308
1501	5310
1502	5313
1507	5315
1514	5317
1523	5320
1529	5322
1530	5325
1528	5327
1525	5329
1523	5332
1523	5335
1521	5337
1521	5340
1522	5342
1518	5345
1513	5347
1512	5349
1509	5352
1505	5354
1506	5357
1513	5359
1523	5361
1528	5364
1526	5366
1513	5369
1506	5371
1505	5373
1505	5377
1502	5379
1502	5382
1500	5384
1499	5386
1502	5389
1506	5391
1511	5394
1516	5396
1519	5398
1523	5401
1517	5403
1513	5406
1511	5408
1506	5410
1500	5413
1502	5415
1506	5417
1509	5421
1513	5423
1512	5426
1507	5428
1505	5430
1504	5433
1506	5435
1509	5438
1510	5440
1508	5442
1503	5445
1500	5447
1500	5450
1503	5452
1506	5454
1506	5457
1506	5459
1504	5463
1505	5465
1507	5467
1506	5470
1502	5472
1500	5475
1500	5477
1507	5479
1516	5482
1523	5484
1522	5487
1514	5489
1506	5491
1504	5494
1508	5496
1520	5498
1526	5501
1524	5504
1516	5507
1508	5509
1506	5511
1504	5514
1503	5516
1502	5519
1504	5521
1510	5523
1512	5526
1514	5528
1518	5531
1521	5533
1524	5535
1520	5538
1514	5540
1507	5543
1503	5545
1498	5548
1498	5551
1499	5553
1501	5556
1503	5558
1502	5560
1498	5563
1495	5565
1494	5568
1495	5570
1495	5572
1496	5575
1498	5577
1499	5579
1502	5582
1510	5584
1516	5587
1516	5590
1509	5592
1503	5595
1501	5597
1504	5600
1506	5602
1505	5604
1505	5607
1502	5609
1498	5612
1495	5614
1493	5616
1491	5619
1490	5621
1490	5624
1491	5626
1493	5628
1497	5632
1499	5634
1501	5637
1502	5639
1503	5641
1504	5644
1504	5646
1503	5649
1502	5651
1504	5653
1506	5656
1509	5658
1515	5660
1519	5663
1528	5665
1537	5668
1533	5670
1528	5672
1523	5676
1518	5678
1515	5681
1509	5683
1504	5685
1508	5688
1513	5690
1520	5693
1520	5695
1513	5697
1507	5700
1504	5702
1503	5705
1502	5707
1502	5709
1506	5712
1509	5714
1512	5718
1513	5720
1514	5722
1513	5725
1512	5727
1510	5730
1512	5732
1515	5734
1516	5737
1518	5739
1520	5741
1528	5744
1533	5746
1536	5749
1529	5751
1519	5753
1511	5756
1507	5758
1507	5762
1508	5764
1506	5766
1506	5769
1510	5771
1513	5774
1514	5776
1512	5778
1508	5781
1508	5783
1510	5786
1509	5788
1508	5790
1511	5793
1514	5795
1518	5798
1525	5800
1529	5803
1533	5806
1534	5808
1529	5811
1520	5813
1517	5815
1518	5818
1518	5820
1517	5822
1516	5825
1515	5827
1511	5830
1508	5832
1504	5834
1503	5837
1510	5839
1524	5842
1535	5844
1537	5847
1535	5850
1530	5852
1530	5855
1526	5857
1523	5859
1520	5862
1515	5864
1515	5867
1522	5869
1533	5871
1538	5874
1535	5876
1525	5879
1517	5881
1514	5883
1512	5886
1512	5889
1512	5892
1512	5894
1510	5896
1509	5899
1510	5901
1512	5904
1512	5906
1511	5908
1512	5911
1512	5913
1516	5915
1517	5918
1519	5920
1527	5923
1534	5925
1539	5927
1535	5931
1522	5933
1516	5936
1513	5938
1510	5940
1509	5943
1509	5945
1509	5948
1508	5950
1508	5952
1510	5955
1513	5957
1513	5960
1510	5962
1509	5964
1509	5967
1509	5969
1508	5972
1509	5975
1515	5977
1519	5980
1520	5982
1519	5985
1518	5987
1516	5989
1517	5992
1520	5994
1521	5996
1520	5999
1520	6001
1517	6004
1512	6006
1509	6008
1510	6011
1514	6013
1517	6017
1518	6019
1522	6021
1534	6024
1542	6026
1541	6029
1532	6031
1521	6033
1514	6036
1510	6038
1508	6041
1505	6043
1504	6045
1503	6048
1504	6050
1506	6053
1511	6055
1516	6057
1519	6061
1521	6063
1518	6066
1518	6068
1522	6070
1528	6073
1534	6075
1527	6077
1519	6080
1512	6082
1509	6085
1509	6087
1510	6089
1511	6092
1511	6094
1511	6097
1512	6099
1515	6102
1518	6105
1518	6107
1513	6110
1513	6112
1515	6114
1517	6117
1520	6119
1521	6122
1521	6124
1520	6126
1518	6129
1519	6131
1521	6134
1519	6136
1515	6138
1510	6141
1508	6144
1507	6147
1508	6149
1510	6151
1512	6154
1513	6156
1514	6159
1511	6161
1509	6163
1508	6166
1510	6168
1513	6170
1516	6173
1519	6175
1529	6178
1542	6180
1549	6182
1545	6185
1525	6188
1515	6191
1509	6193
1504	6195
1501	6198
1501	6200
1501	6203
1502	6205
1504	6207
1506	6210
1508	6212
1508	6215
1503	6217
1500	6219
1500	6222
1502	6224
1506	6227
1510	6230
1512	6232
1513	6235
1515	6237
1521	6240
1524	6242
1522	6244
1514	6247
1507	6249
1505	6251
1503	6254
1501	6256
1502	6259
1504	6261
1507	6263
1509	6266
1506	6268
1503	6272
1504	6274
1506	6276
1510	6279
1512	6281
1509	6284
1505	6286
1506	6288
1506	6291
1510	6293
1512	6296
1513	6298
1514	6300
1513	6303
1511	6305
1508	6308
1507	6310
1509	6312
1511	6316
1512	6318
1510	6321
1506	6323
1508	6325
1513	6328
1517	6330
1518	6332
1513	6335
1510	6337
1515	6340
1521	6342
1525	6344
1527	6347
1524	6349
1519	6352
1515	6354
1517	6356
1520	6360
1519	6362
1515	6365
1510	6367
1510	6369
1511	6372
1512	6374
1512	6377
1509	6379
1503	6381
1499	6384
1495	6386
1496	6389
1505	6391
1514	6393
1520	6396
1521	6398
1518	6402
1514	6404
1514	6406
1517	6409
1515	6411
1506	6414
1497	6416
1499	6418
1502	6421
1506	6423
1512	6426
1515	6428
1515	6430
1513	6433
1509	6435
1505	6438
1505	6440
1507	6443
1509	6446
1512	6448
1512	6450
1509	6453
1505	6455
1504	6458
1504	6460
1501	6462
1499	6465
1499	6467
1505	6470
1517	6472
1525	6474
1526	6477
1519	6479
1506	6482
1502	6484
1503	6487
1505	6490
1507	6492
1509	6495
1512	6497
1510	6499
1517	6502
1523	6504
1520	6507
1514	6509
1507	6511
1503	6514
1503	6516
1503	6519
1502	6521
1503	6523
1503	6526
1503	6529
1506	6531
1510	6534
1511	6536
1513	6539
1514	6541
1517	6543
1522	6546
1531	6548
1533	6551
1535	6553
1528	6555
1524	6558
1520	6560
1512	6563
1502	6565
1499	6567
1497	6571
1496	6573
1495	6576
1495	6578
1497	6580
1499	6583
1502	6585
1502	6588
1502	6590
1503	6592
1504	6595
1504	6597
1504	6600
1503	6602
1507	6604
1521	6607
1540	6609
1549	6611
1542	6615
1525	6617
1510	6620
1506	6622
1505	6624
1502	6627
1500	6629
1497	6632
1495	6634
1498	6636
1502	6639
1506	6641
1508	6644
1508	6646
1507	6648
1507	6651
1504	6653
1501	6657
1500	6659
1501	6661
1501	6664
1505	6666
1509	6669
1519	6671
1526	6673
1527	6676
1527	6678
1522	6681
1517	6683
1515	6685
1510	6688
1502	6690
1499	6692
1498	6695
1497	6697
1497	6701
1497	6703
1498	6705
1505	6708
1513	6710
1520	6713
1522	6715
1521	6717
1520	6720
1512	6722
1508	6725
1506	6727
1504	6729
1502	6732
1505	6734
1514	6737
1520	6739
1522	6742
1518	6745
1509	6747
1508	6750
1509	6752
1507	6754
1505	6757
1503	6759
1503	6762
1503	6764
1502	6766
1503	6769
1504	6771
1508	6773
1512	6776
1518	6778
1524	6781
1528	6784
1527	6786
1523	6789
1524	6791
1527	6794
1527	6796
1525	6798
1523	6801
1520	6803
1520	6806
1519	6808
1517	6810
1515	6813
1517	6815
1519	6818
1522	6820
1525	6822
1528	6825
1530	6828
1532	6831
1532	6833
1533	6835
1534	6838
1538	6840
1543	6843
1546	6845
1546	6847
1545	6850
1552	6852
1558	6854
1557	6857
1553	6859
1549	6862
1548	6864
1550	6866
1556	6870
1560	6872
1558	6875
1552	6877
1545	6879
1540	6882
1539	6884
1538	6887
1539	6889
1541	6891
1541	6894
1540	6896
1537	6899
1535	6901
1536	6903
1539	6906
1541	6908
1542	6912
1543	6914
1545	6916
1550	6919
1558	6921
1564	6924
1564	6926
1557	6928
1551	6931
1548	6933
1547	6935
1547	6938
1548	6940
1554	6943
1564	6945
1570	6947
1569	6950
1562	6952
1552	6956
1547	6958
1546	6960
1544	6963
1545	6965
1549	6968
1553	6970
1556	6972
1556	6975
1552	6977
1545	6980
1538	6982
1534	6984
1532	6987
1531	6989
1531	6992
1531	6994
1532	6996
1531	7000
1529	7002
1526	7005
1525	7007
1526	7009
1528	7012
1528	7014
1528	7016
1527	7019
1527	7021
1529	7024
1531	7026
1539	7028
1547	7031
1553	7033
1554	7036
1549	7038
1544	7041
1541	7044
1544	7046
1544	7049
1543	7051
1542	7053
1538	7056
1535	7058
1533	7061
1535	7063
1537	7065
1536	7068
1535	7070
1533	7073
1531	7075
1529	7077
1527	7080
1526	7083
1525	7086
1524	7088
1524	7090
1524	7093
1523	7095
1522	7097
1521	7100
1521	7102
1519	7105
1518	7107
1517	7109
1519	7112
1525	7114
1531	7117
1541	7119
1551	7121
1559	7124
1561	7127
1557	7130
1547	7132
1536	7134
1531	7137
1529	7139
1525	7142
1523	7144
1522	7146
1520	7149
1519	7151
1517	7154
1516	7156
1515	7158
1513	7161
1511	7163
1509	7166
1506	7169
1504	7171
1501	7174
1498	7176
1495	7178
1493	7181
1490	7183
1488	7186
1486	7188
1484	7190
1481	7193
1478	7195
1474	7198
1475	7200
1477	7202
1482	7205
1491	7207
1502	7211
1510	7213
1513	7215
1514	7218
1510	7220
1506	7223
1502	7225
1499	7227
1500	7230
1501	7232
1501	7235
1503	7237
1505	7239
1508	7242
1510	7244
1512	7247
1513	7249
1513	7251
1514	7255
1515	7257
1516	7259
1517	7262
1517	7264
1516	7267
1516	7269
1516	7271
1516	7274
1516	7276
1515	7279
1514	7281
1511	7283
1508	7286
1506	7288
1505	7291
1507	7293
1511	7296
1517	7299
1522	7301
1523	7304
1519	7306
1515	7308
1511	7311
1508	7313
1506	7316
1504	7318
1503	7320
1503	7323
1503	7325
1503	7328
1503	7330
1503	7332
1503	7335
1503	7337
1504	7340
1506	7343
1506	7345
1506	7348
1505	7350
1505	7352
1508	7355
1510	7357
1511	7360
1516	7362
1522	7364
1526	7367
1525	7369
1521	7372
1516	7374
1513	7376
1514	7379
1515	7382
1515	7385
1516	7387
1518	7389
1520	7392
1521	7394
1523	7397
1525	7399
1526	7401
1527	7404
1529	7406
1530	7409
1533	7411
1536	7413
1538	7416
1540	7418
1540	7420
1540	7424
1542	7426
1543	7429
1545	7431
1550	7433
1556	7436
1558	7438
1556	7441
1552	7443
1549	7445
1548	7448
1548	7450
1548	7453
1549	7455
1550	7457
1551	7460
1552	7462
1554	7465
1557	7468
1557	7470
1557	7473
1555	7475
1554	7478
1554	7480
1554	7482
1554	7485
1555	7487
1555	7490
1556	7492
1555	7494
1555	7497
1554	7499
1553	7502
1552	7504
1552	7506
1551	7510
1551	7512
1550	7514
1548	7517
1547	7519
1546	7522
1545	7524
1544	7526
1543	7529
1541	7531
1539	7534
1537	7536
1536	7538
1535	7541
1536	7543
1535	7546
1533	7548
1530	7550
1526	7554
1524	7556
1521	7559
1520	7561
1519	7563
1517	7566
1514	7568
1509	7571
1504	7573
1500	7575
1496	7578
1493	7580
1491	7583
1488	7585
1486	7587
1484	7590
1483	7592
1482	7596
1480	7598
1478	7600
1476	7603
1474	7605
1472	7607
1472	7610
1471	7612
1470	7615
1470	7617
1469	7619
1469	7622
1470	7624
1471	7627
1470	7629
1470	7631
1469	7634
1469	7636
1469	7640
1471	7642
1473	7644
1474	7647
1477	7649
1480	7652
1482	7654
1481	7656
1478	7659
1475	7661
1470	7664
1464	7666
1460	7668
1454	7671
1449	7673
1445	7676
1442	7678
1438	7681
1434	7684
1430	7686
1428	7688
1432	7691
1435	7693
1433	7696
1428	7698
1421	7700
1416	7703
1413	7705
1411	7708
1409	7710
1407	7712
1405	7715
1403	7717
1403	7720
1403	7723
1403	7725
1403	7728
1404	7730
1405	7733
1406	7735
1408	7737
1409	7740
1410	7742
1410	7745
1411	7747
1412	7749
1413	7752
1415	7754
1417	7757
1420	7759
1422	7761
1424	7764
1426	7767
1428	7769
1431	7772
1433	7774
1436	7777
1439	7779
1441	7781
1444	7784
1446	7786
1450	7789
1453	7791
1456	7793
1458	7796
1458	7798
1459	7801
1459	7803
1460	7805
1462	7809
1464	7811
1466	7814
1468	7816
1469	7818
1469	7821
1469	7823
1469	7826
1469	7828
1469	7830
1470	7833
1469	7835
1470	7838
1470	7840
1470	7842
1470	7845
1470	7847
1470	7849
1470	7853
1470	7855
1470	7858
1470	7860
1470	7862
1469	7865
1469	7867
1468	7870
1467	7872
1468	7874
1468	7877
1469	7879
1469	7882
1468	7884
1467	7886
1466	7889
1465	7891
1466	7895
1466	7897
1465	7899
1465	7902
1465	7904
1464	7907
1465	7909
1465	7911
1465	7914
1464	7916
1463	7919
1461	7921
1461	7923
1462	7926
1462	7928
1462	7930
1462	7933
1461	7936
1460	7939
1459	7941
1460	7943
1461	7946
1462	7948
1463	7951
1463	7953
1465	7955
1466	7958
1467	7960
1468	7963
1468	7965
1468	7967
1467	7970
1468	7972
1469	7975
1470	7977
1471	7980
1471	7983
1471	7985
1472	7988
1473	7990
1474	7992
1475	7995
1476	7997
1477	8000
1479	8002
1483	8004
1488	8007
1490	8009
1488	8011
1486	8014
1484	8016
1483	8019
1481	8022
1480	8024
1481	8027
1482	8029
1482	8032
1482	8034
1482	8036
1482	8039
1483	8041
1484	8044
1486	8046
1487	8048
1488	8051
1489	8053
1490	8056
1491	8058
1493	8060
1494	8064
1495	8066
1495	8069
1496	8071
1496	8073
1497	8076
1498	8078
1499	8081
1499	8083
1499	8085
1499	8088
1499	8090
1500	8093
1503	8095
1505	8097
1505	8100
1505	8102
1505	8104
1505	8108
1505	8110
1505	8113
1505	8115
1505	8117
1505	8120
1505	8122
1505	8125
1505	8127
1506	8129
1506	8132
1505	8134
1504	8137
1503	8139
1504	8141
1506	8144
1507	8146
1507	8150
1506	8152
1506	8154
1506	8157
1505	8159
1505	8162
1505	8164
1505	8166
1504	8169
1504	8171
1505	8174
1506	8176
1506	8178
1504	8181
1502	8183
1501	8186
1501	8188
1502	8190
1503	8194
1503	8196
1503	8198
1503	8201
1502	8203
1501	8206
1501	8208
1500	8210
1500	8213
1500	8215
1499	8218
1496	8220
1494	8222
1494	8225
1494	8227
1493	8230
1493	8232
1492	8235
1490	8238
1490	8240
1489	8243
1489	8245
1488	8247
1487	8250
1486	8252
1485	8255
1484	8257
1483	8259
1481	8262
1480	8264
1479	8267
1479	8269
1479	8271
1479	8274
1480	8276
1480	8279
1480	8282
1480	8284
1479	8287
1479	8289
1479	8291
1480	8294
1480	8296
1480	8299
1480	8301
1480	8303
1481	8306
1481	8308
1482	8311
1483	8313
1482	8315
1481	8318
1481	8321
1481	8324
1483	8326
1486	8328
1489	8331
1490	8333
1492	8336
1493	8338
1495	8340
1497	8343
1499	8345
1500	8348
1502	8350
1504	8352
1506	8355
1510	8357
1513	8359
1515	8363
1516	8365
1515	8368
1515	8370
1517	8372
1519	8375
1521	8377
1523	8380
1525	8382
1527	8384
1528	8387
1529	8389
1531	8392
1533	8394
1535	8396
1536	8399
1538	8401
1539	8404
1540	8407
1540	8409
1539	8412
1539	8414
1541	8417
1542	8419
1543	8421
1544	8424
1545	8426
1547	8429
1548	8431
1548	8433
1548	8436
1549	8438
1550	8440
1550	8443
1549	8445
1548	8449
1547	8451
1547	8453
1548	8456
1548	8458
1549	8461
1550	8463
1550	8465
1549	8468
1549	8470
1549	8473
1548	8475
1548	8477
1548	8480
1548	8482
1545	8485
1543	8487
1541	8489
1542	8493
1542	8495
1543	8498
1542	8500
1540	8502
1539	8505
1537	8507
1536	8510
1534	8512
1533	8514
1530	8517
1528	8519
1526	8521
1526	8524
1525	8526
1524	8529
1521	8531
1516	8534
1513	8537
1510	8539
1508	8542
1506	8544
1505	8546
1503	8549
1501	8551
1499	8554
1498	8556
1496	8558
1495	8561
1493	8563
1490	8566
1488	8568
1487	8570
1488	8573
1489	8576
1490	8579
1490	8581
1490	8583
1490	8586
1490	8588
1489	8591
1490	8593
1490	8595
1491	8598
1492	8600
1493	8602
1492	8605
1492	8607
1491	8610
1491	8612
1491	8614
1492	8617
1493	8620
1493	8623
1494	8625
1495	8627
1495	8630
1496	8632
1496	8635
1496	8637
1496	8639
1497	8642
1498	8644
1498	8647
1498	8649
1496	8651
1494	8654
1493	8656
1494	8659
1495	8662
1496	8664
1497	8667
1497	8669
1496	8672
1496	8674
1496	8676
1496	8679
1497	8681
1496	8683
1496	8686
1495	8688
1495	8691
1496	8693
1497	8695
1498	8698
1499	8700
1500	8704
1501	8706
1502	8708
1504	8711
1505	8713
1507	8716
1508	8718
1508	8720
1508	8723
1509	8725
1510	8728
1511	8730
1513	8732
1513	8735
1514	8737
1514	8740
1516	8742
1517	8744
1518	8748
1518	8750
1518	8753
1518	8755
1518	8757
1517	8760
1517	8762
1517	8764
1516	8767
1515	8769
1515	8772
1514	8774
1513	8776
1512	8779
1511	8781
1508	8784
1506	8786
1505	8788
1504	8792
1504	8794
1503	8797
1503	8799
1502	8801
1501	8804
1500	8806
1499	8809
1498	8811
1497	8813
1496	8816
1494	8818
1494	8821
1494	8823
1493	8825
1492	8828
1491	8830
1491	8834
1490	8836
1489	8838
1489	8841
1489	8843
1489	8845
1489	8848
1490	8850
1490	8853
1491	8855
1492	8857
1494	8860
1495	8862
1495	8865
1496	8867
1497	8869
1497	8872
1498	8875
1500	8878
1502	8880
1504	8882
1505	8885
1506	8887
1507	8890
1507	8892
1508	8894
1509	8897
1511	8899
1512	8902
1513	8904
1513	8906
1514	8909
1515	8911
1515	8914
1516	8916
1517	8919
1518	8922
1519	8924
1520	8927
1520	8929
1519	8931
1520	8934
1520	8936
1521	8938
1522	8941
1523	8943
1524	8946
1525	8948
1525	8950
1526	8953
1526	8955
1527	8958
1528	8961
1528	8963
1528	8966
1527	8968
1526	8971
1525	8973
1525	8975
1524	8978
1524	8980
1523	8983
1523	8985
1522	8987
1522	8990
1522	8992
1522	8995
1524	8997
1524	8999
1524	9003
1523	9005
1523	9007
1523	9010
1524	9012