1539	2
1538	5
1538	7
1537	9
1538	11
1539	14
1540	16
1540	18
1540	20
1539	23
1538	25
1537	27
1536	30
1535	32
1534	34
1533	36
1533	39
1532	41
1532	44
1533	47
1533	49
1533	51
1532	53
1531	56
1532	58
1532	60
1532	63
1531	65
1531	67
1531	70
1531	72
1531	74
1531	76
1531	79
1531	81
1531	83
1531	87
1530	89
1530	91
1530	93
1530	96
1530	98
1529	100
1530	103
1531	105
1532	107
1532	110
1532	112
1532	114
1531	117
1530	119
1531	121
1531	124
1533	126
1534	129
1534	132
1533	134
1532	136
1533	139
1533	141
1535	144
1537	146
1538	148
1537	151
1536	153
1536	155
1535	158
1536	160
1535	162
1535	165
1535	167
1534	169
1533	173
1533	175
1533	177
1534	180
1534	182
1534	184
1534	187
1534	189
1533	191
1533	194
1532	196
1532	198
1531	201
1531	203
1530	205
1530	208
1530	210
1531	214
1533	216
1532	218
1532	221
1531	223
1531	225
1530	228
1529	230
1530	232
1530	235
1529	237
1528	239
1527	242
1527	244
1527	246
1527	249
1525	251
1525	253
1524	257
1523	259
1524	261
1524	264
1524	266
1525	268
1526	271
1527	273
1528	275
1529	278
1530	280
1529	283
1528	285
1526	287
1525	290
1525	292
1526	294
1526	297
1527	300
1528	302
1528	305
1529	307
1530	309
1530	312
1531	314
1531	316
1531	319
1531	321
1530	323
1530	326
1529	328
1529	330
1529	333
1529	335
1530	337
1530	340
1530	343
1530	345
1530	348
1531	350
1532	353
1531	355
1531	357
1530	360
1530	362
1530	364
1531	367
1532	369
1533	371
1532	374
1531	376
1530	378
1529	381
1528	384
1527	386
1527	389
1526	391
1525	393
1524	396
1523	398
1522	400
1521	403
1521	405
1521	407
1522	410
1522	412
1523	414
1524	417
1522	419
1520	422
1519	424
1519	427
1520	430
1521	432
1523	434
1526	437
1526	439
1525	441
1523	444
1521	446
1520	448
1520	451
1519	453
1519	455
1519	458
1520	460
1521	462
1521	465
1521	467
1522	470
1523	473
1525	475
1526	477
1527	480
1526	482
1525	484
1526	487
1527	489
1528	492
1530	494
1530	496
1530	499
1529	501
1529	503
1529	506
1527	508
1526	510
1525	514
1523	516
1523	518
1523	521
1525	523
1527	525
1527	528
1526	530
1524	532
1522	535
1520	537
1519	539
1517	542
1516	544
1516	546
1520	549
1524	551
1529	553
1534	557
1536	559
1534	562
1528	564
1522	566
1518	569
1515	571
1511	573
1508	576
1506	578
1505	580
1506	583
1507	585
1509	587
1510	590
1510	592
1509	594
1509	598
1510	600
1512	602
1513	605
1512	607
1508	609
1505	612
1504	614
1506	616
1508	619
1508	621
1507	623
1505	626
1504	628
1503	631
1505	633
1510	635
1513	638
1515	641
1521	643
1528	646
1537	648
1540	650
1538	653
1534	655
1528	657
1525	660
1529	662
1533	664
1533	667
1533	669
1528	671
1522	674
1515	676
1510	678
1506	681
1503	684
1506	686
1511	689
1512	691
1507	693
1499	696
1492	698
1486	701
1480	703
1477	705
1476	708
1475	710
1476	712
1475	715
1473	717
1470	719
1466	722
1463	724
1460	727
1456	730
1452	732
1450	734
1449	737
1451	739
1454	741
1458	744
1461	746
1461	748
1458	751
1457	753
1455	755
1457	758
1463	760
1468	762
1468	765
1468	768
1465	771
1454	773
1445	775
1440	778
1438	780
1436	782
1437	785
1444	787
1450	789
1454	792
1453	794
1450	796
1446	799
1445	801
1447	803
1451	806
1456	808
1467	811
1476	814
1485	816
1490	818
1491	821
1487	823
1481	825
1476	828
1473	830
1471	832
1468	835
1468	837
1471	840
1473	842
1475	844
1471	847
1467	849
1463	851
1461	855
1463	857
1465	859
1467	862
1469	864
1470	866
1467	869
1463	871
1456	873
1452	876
1453	878
1456	880
1464	883
1473	885
1484	887
1494	890
1500	892
1502	894
1494	898
1481	900
1460	902
1443	905
1436	907
1433	909
1437	912
1441	914
1454	917
1471	919
1478	921
1473	924
1463	926
1453	928
1443	931
1436	933
1430	935
1431	939
1440	941
1449	943
1459	946
1460	948
1456	950
1449	953
1451	955
1457	957
1468	960
1479	962
1482	964
1477	967
1472	969
1468	971
1464	974
1461	976
1455	978
1449	982
1450	984
1454	987
1461	989
1472	991
1479	994
1484	996
1489	998
1490	1001
1486	1003
1474	1005
1464	1008
1458	1010
1453	1013
1457	1015
1465	1017
1475	1020
1495	1022
1503	1026
1510	1028
1505	1030
1493	1033
1483	1035
1485	1037
1491	1040
1497	1042
1510	1045
1519	1047
1522	1049
1516	1052
1507	1054
1495	1057
1486	1059
1490	1061
1500	1064
1524	1067
1558	1070
1585	1072
1598	1074
1589	1077
1572	1079
1559	1082
1554	1084
1553	1086
1557	1089
1563	1091
1558	1094
1556	1096
1556	1098
1559	1101
1561	1103
1558	1106
1555	1108
1556	1111
1559	1114
1583	1116
1608	1118
1622	1121
1620	1123
1605	1126
1593	1128
1590	1130
1591	1133
1590	1135
1591	1138
1600	1140
1624	1142
1639	1145
1643	1147
1633	1150
1621	1153
1611	1155
1605	1158
1607	1160
1615	1163
1620	1165
1622	1167
1624	1170
1625	1172
1619	1175
1615	1177
1620	1179
1633	1182
1641	1184
1646	1187
1647	1189
1647	1191
1657	1195
1666	1197
1664	1199
1655	1202
1636	1204
1611	1207
1607	1209
1606	1211
1605	1214
1595	1216
1572	1219
1566	1221
1573	1223
1584	1226
1594	1228
1609	1231
1610	1233
1607	1235
1602	1239
1577	1241
1554	1244
1538	1246
1528	1248
1522	1251
1514	1253
1502	1256
1489	1258
1477	1260
1467	1263
1457	1265
1443	1267
1431	1270
1426	1272
1419	1275
1414	1277
1415	1280
1424	1283
1429	1285
1425	1288
1411	1290
1404	1292
1413	1295
1430	1297
1447	1300
1454	1302
1448	1304
1441	1307
1433	1309
1429	1312
1434	1314
1433	1316
1435	1319
1441	1321
1431	1325
1425	1327
1444	1329
1483	1332
1502	1334
1491	1337
1464	1339
1437	1341
1418	1344
1410	1346
1405	1348
1400	1351
1396	1353
1393	1356
1395	1358
1402	1360
1412	1363
1426	1366
1439	1369
1444	1371
1434	1373
1425	1376
1410	1378
1399	1381
1396	1383
1393	1385
1394	1388
1394	1390
1399	1393
1413	1395
1430	1397
1452	1400
1473	1402
1481	1405
1468	1408
1442	1410
1428	1413
1427	1415
1433	1418
1441	1420
1441	1422
1426	1425
1420	1427
1420	1429
1417	1432
1411	1434
1403	1437
1401	1439
1402	1441
1400	1444
1395	1446
1384	1449
1369	1452
1355	1454
1358	1457
1364	1459
1369	1462
1369	1464
1364	1466
1371	1469
1366	1471
1363	1474
1366	1476
1359	1478
1344	1481
1328	1483
1320	1486
1326	1488
1345	1490
1365	1494
1378	1496
1375	1499
1366	1501
1373	1503
1400	1506
1432	1508
1462	1510
1461	1513
1445	1515
1445	1518
1451	1520
1463	1522
1470	1525
1474	1527
1479	1530
1492	1532
1507	1534
1522	1538
1536	1540
1549	1543
1563	1545
1573	1547
1573	1550
1566	1552
1569	1555
1581	1557
1590	1559
1595	1562
1584	1564
1571	1567
1574	1569
1586	1571
1597	1574
1592	1576
1582	1579
1568	1582
1553	1584
1552	1587
1551	1589
1552	1591
1551	1594
1549	1596
1541	1599
1542	1601
1546	1603
1545	1606
1540	1608
1537	1611
1536	1613
1532	1615
1530	1618
1538	1620
1545	1624
1554	1626
1555	1628
1549	1631
1546	1633
1541	1636
1540	1638
1544	1640
1553	1643
1570	1645
1585	1648
1594	1650
1591	1652
1589	1655
1582	1657
1585	1659
1591	1662
1598	1665
1602	1668
1601	1670
1601	1672
1604	1675
1608	1677
1612	1680
1611	1682
1603	1684
1594	1687
1603	1689
1616	1692
1624	1694
1627	1696
1626	1699
1626	1701
1636	1704
1646	1707
1651	1709
1649	1712
1640	1714
1640	1717
1647	1719
1661	1721
1672	1724
1672	1726
1667	1729
1665	1731
1674	1733
1689	1736
1701	1738
1708	1740
1714	1743
1717	1745
1706	1748
1699	1751
1690	1753
1683	1756
1668	1758
1655	1761
1651	1763
1659	1765
1683	1768
1705	1770
1709	1773
1684	1775
1660	1777
1644	1780
1632	1782
1627	1785
1617	1787
1612	1789
1612	1793
1615	1795
1617	1798
1614	1800
1616	1802
1626	1805
1641	1807
1650	1810
1659	1812
1665	1814
1668	1817
1665	1819
1669	1821
1682	1824
1698	1826
1706	1829
1700	1831
1694	1833
1697	1837
1702	1839
1706	1842
1702	1844
1700	1846
1698	1849
1691	1851
1688	1854
1695	1856
1704	1858
1707	1861
1692	1863
1673	1866
1662	1868
1656	1870
1650	1873
1652	1875
1658	1879
1665	1881
1662	1883
1653	1886
1646	1888
1649	1891
1653	1893
1648	1895
1647	1898
1651	1900
1661	1902
1665	1905
1660	1907
1655	1910
1653	1912
1658	1914
1668	1917
1677	1920
1683	1923
1691	1925
1696	1927
1698	1930
1692	1932
1681	1935
1670	1937
1666	1939
1665	1942
1667	1944
1670	1947
1673	1949
1666	1951
1658	1954
1643	1956
1635	1959
1628	1961
1620	1964
1621	1967
1633	1969
1637	1972
1630	1974
1613	1976
1603	1979
1598	1981
1593	1983
1586	1986
1587	1988
1594	1991
1599	1993
1600	1995
1600	1998
1600	2000
1604	2003
1611	2006
1633	2008
1651	2011
1670	2013
1676	2016
1670	2018
1663	2020
1646	2023
1628	2025
1618	2028
1615	2030
1613	2032
1610	2035
1609	2037
1604	2040
1599	2042
1589	2044
1582	2048
1582	2050
1585	2052
1587	2055
1586	2057
1576	2060
1561	2062
1555	2064
1555	2067
1554	2069
1552	2072
1552	2074
1556	2076
1556	2079
1556	2081
1560	2084
1568	2086
1564	2088
1563	2092
1565	2094
1580	2097
1602	2099
1622	2101
1620	2104
1611	2106
1588	2109
1568	2111
1560	2113
1558	2116
1560	2118
1565	2121
1566	2123
1570	2125
1579	2128
1592	2130
1595	2132
1586	2136
1577	2138
1568	2141
1566	2143
1557	2145
1546	2148
1539	2150
1531	2153
1530	2155
1537	2157
1541	2160
1543	2162
1539	2165
1529	2167
1524	2169
1521	2172
1520	2174
1521	2178
1521	2180
1530	2182
1543	2185
1554	2187
1561	2190
1560	2192
1557	2194
1556	2197
1550	2199
1540	2202
1542	2204
1548	2206
1566	2209
1582	2211
1593	2213
1587	2216
1566	2219
1552	2222
1543	2224
1539	2226
1538	2229
1540	2231
1547	2234
1553	2236
1554	2238
1544	2241
1541	2243
1542	2246
1546	2248
1546	2250
1542	2253
1537	2255
1525	2258
1522	2260
1531	2263
1545	2266
1548	2268
1536	2271
1525	2273
1517	2275
1519	2278
1524	2280
1526	2283
1525	2285
1533	2287
1549	2290
1552	2292
1544	2294
1533	2297
1526	2299
1533	2302
1539	2305
1538	2307
1537	2310
1540	2312
1551	2315
1546	2317
1529	2319
1523	2322
1517	2324
1519	2327
1522	2329
1522	2331
1515	2334
1508	2336
1502	2339
1491	2341
1490	2343
1493	2347
1496	2349
1493	2352
1489	2354
1488	2356
1485	2359
1483	2361
1489	2364
1499	2366
1515	2368
1522	2371
1518	2373
1507	2376
1509	2378
1522	2380
1541	2383
1553	2385
1555	2387
1555	2391
1557	2393
1561	2396
1556	2398
1543	2400
1534	2403
1535	2405
1548	2408
1568	2410
1584	2412
1585	2415
1582	2417
1577	2420
1576	2422
1578	2424
1573	2427
1567	2429
1561	2433
1554	2435
1534	2437
1511	2440
1497	2442
1493	2445
1487	2447
1484	2449
1482	2452
1479	2454
1479	2456
1478	2459
1480	2461
1487	2464
1496	2466
1502	2468
1511	2471
1523	2473
1541	2477
1556	2479
1554	2481
1532	2484
1518	2486
1509	2489
1506	2491
1511	2493
1523	2496
1533	2498
1538	2501
1538	2503
1525	2505
1521	2508
1529	2510
1538	2513
1541	2515
1538	2518
1538	2521
1532	2523
1539	2526
1544	2528
1536	2530
1524	2533
1515	2535
1513	2537
1511	2540
1501	2542
1497	2545
1499	2547
1518	2549
1539	2552
1552	2554
1552	2557
1535	2560
1515	2562
1507	2565
1507	2567
1505	2570
1502	2572
1495	2574
1486	2577
1486	2579
1489	2582
1491	2584
1489	2586
1485	2589
1488	2591
1490	2594
1496	2596
1506	2598
1509	2601
1510	2604
1514	2607
1527	2609
1542	2611
1543	2614
1526	2616
1504	2618
1509	2621
1521	2623
1523	2626
1519	2628
1518	2630
1530	2633
1548	2635
1553	2638
1536	2640
1522	2642
1518	2646
1522	2648
1528	2651
1524	2653
1511	2655
1495	2658
1488	2660
1481	2663
1477	2665
1479	2667
1482	2670
1485	2672
1491	2675
1499	2677
1511	2679
1513	2682
1500	2684
1487	2688
1476	2690
1476	2692
1484	2695
1493	2697
1499	2699
1505	2702
1512	2704
1513	2707
1521	2709
1532	2711
1542	2714
1539	2716
1521	2719
1510	2721
1510	2723
1518	2726
1529	2728
1529	2732
1500	2734
1477	2736
1460	2739
1451	2741
1450	2744
1452	2746
1455	2748
1457	2751
1455	2753
1455	2756
1459	2758
1460	2760
1457	2763
1448	2765
1438	2768
1436	2770
1437	2772
1442	2776
1456	2778
1472	2780
1492	2783
1497	2785
1487	2788
1472	2790
1466	2792
1489	2795
1520	2797
1540	2800
1542	2802
1521	2804
1509	2807
1505	2809
1495	2812
1483	2814
1474	2817
1469	2820
1469	2822
1475	2825
1481	2827
1485	2829
1484	2832
1479	2834
1469	2837
1462	2839
1458	2841
1467	2844
1485	2846
1496	2849
1498	2851
1489	2853
1482	2856
1469	2859
1455	2861
1453	2864
1459	2866
1474	2869
1494	2871
1504	2873
1501	2876
1491	2878
1477	2881
1468	2883
1464	2885
1460	2888
1470	2890
1485	2893
1500	2895
1502	2897
1500	2900
1495	2903
1485	2906
1483	2908
1489	2910
1492	2913
1495	2915
1501	2918
1511	2920
1520	2922
1516	2925
1503	2927
1493	2930
1488	2932
1492	2934
1489	2937
1482	2939
1479	2941
1475	2945
1471	2947
1473	2950
1482	2952
1493	2954
1502	2957
1496	2959
1482	2962
1471	2964
1464	2966
1464	2969
1466	2971
1466	2974
1468	2976
1469	2978
1471	2981
1471	2983
1477	2987
1490	2989
1506	2991
1527	2994
1538	2996
1544	2999
1551	3001
1543	3003
1538	3006
1520	3008
1500	3011
1495	3013
1492	3015
1492	3018
1491	3020
1487	3022
1475	3025
1471	3027
1466	3031
1459	3033
1450	3035
1461	3038
1484	3040
1503	3043
1516	3045
1509	3047
1497	3050
1481	3052
1473	3055
1466	3057
1464	3059
1463	3062
1466	3064
1481	3067
1499	3069
1508	3072
1506	3075
1485	3077
1473	3080
1474	3082
1484	3084
1502	3087
1522	3089
1532	3092
1522	3094
1515	3096
1503	3099
1493	3101
1485	3103
1484	3106
1492	3108
1504	3111
1515	3113
1511	3116
1510	3119
1510	3121
1513	3124
1511	3126
1491	3128
1473	3131
1461	3133
1460	3136
1466	3138
1470	3140
1477	3143
1479	3145
1475	3148
1472	3150
1466	3152
1466	3155
1468	3158
1471	3161
1484	3163
1505	3165
1519	3168
1530	3170
1527	3173
1514	3175
1505	3177
1497	3180
1488	3182
1485	3185
1488	3187
1497	3189
1512	3192
1512	3194
1501	3196
1485	3200
1473	3202
1468	3205
1464	3207
1469	3209
1477	3212
1478	3214
1469	3217
1462	3219
1466	3221
1459	3224
1450	3226
1447	3229
1448	3231
1451	3233
1454	3236
1455	3238
1464	3241
1471	3244
1478	3246
1489	3249
1495	3251
1495	3254
1482	3256
1480	3258
1478	3261
1476	3263
1475	3266
1478	3268
1492	3270
1504	3273
1506	3275
1510	3277
1513	3280
1511	3282
1503	3286
1490	3288
1482	3290
1481	3293
1490	3295
1512	3298
1541	3300
1558	3302
1555	3305
1538	3307
1520	3310
1500	3312
1494	3314
1496	3317
1498	3319
1502	3322
1504	3324
1500	3326
1496	3330
1486	3332
1481	3335
1483	3337
1494	3339
1515	3342
1535	3344
1545	3347
1552	3349
1573	3351
1586	3354
1585	3356
1568	3358
1542	3361
1531	3363
1524	3366
1516	3368
1511	3371
1515	3374
1527	3376
1553	3379
1568	3381
1566	3383
1546	3386
1520	3388
1503	3391
1495	3393
1499	3395
1508	3398
1515	3400
1516	3403
1504	3405
1493	3407
1480	3410
1476	3412
1477	3416
1480	3418
1482	3420
1483	3423
1484	3425
1486	3428
1489	3430
1493	3432
1501	3435
1516	3437
1526	3439
1530	3442
1531	3444
1539	3447
1548	3449
1553	3451
1545	3454
1535	3457
1528	3460
1522	3462
1515	3464
1515	3467
1527	3469
1529	3472
1517	3474
1500	3476
1497	3479
1499	3481
1501	3484
1494	3486
1485	3488
1479	3491
1473	3493
1467	3496
1465	3499
1471	3501
1477	3504
1480	3506
1476	3509
1470	3511
1476	3513
1486	3516
1495	3518
1498	3520
1486	3523
1473	3525
1475	3528
1485	3530
1500	3532
1509	3535
1512	3537
1506	3540
1503	3543
1492	3545
1487	3548
1485	3550
1483	3553
1482	3555
1493	3557
1505	3560
1508	3562
1510	3565
1505	3567
1491	3569
1487	3572
1485	3574
1483	3577
1473	3579
1465	3581
1463	3585
1463	3587
1465	3590
1468	3592
1470	3594
1475	3597
1480	3599
1477	3601
1469	3604
1469	3606
1471	3609
1472	3611
1477	3613
1485	3616
1499	3618
1510	3621
1517	3623
1521	3625
1517	3629
1508	3631
1513	3634
1523	3636
1527	3638
1522	3641
1514	3643
1506	3646
1502	3648
1510	3650
1518	3653
1525	3655
1525	3658
1516	3660
1505	3662
1492	3665
1482	3667
1479	3671
1476	3673
1470	3675
1465	3678
1461	3680
1471	3682
1489	3685
1500	3687
1502	3690
1490	3692
1472	3694
1472	3697
1477	3699
1484	3702
1484	3704
1478	3706
1469	3709
1470	3712
1480	3715
1487	3717
1488	3719
1474	3722
1468	3724
1474	3727
1480	3729
1481	3731
1483	3734
1484	3736
1484	3739
1479	3741
1473	3743
1476	3746
1485	3748
1494	3751
1496	3753
1494	3756
1494	3759
1490	3761
1499	3763
1511	3766
1510	3768
1497	3771
1487	3773
1484	3775
1485	3778
1482	3780
1473	3783
1461	3785
1457	3787
1457	3790
1459	3792
1462	3795
1467	3798
1473	3800
1478	3803
1484	3805
1484	3808
1489	3810
1494	3812
1503	3815
1515	3817
1519	3820
1520	3822
1516	3824
1514	3827
1512	3829
1511	3832
1514	3834
1507	3836
1498	3840
1501	3842
1512	3845
1512	3847
1508	3849
1511	3852
1518	3854
1534	3856
1546	3859
1546	3861
1526	3864
1506	3866
1490	3868
1479	3871
1474	3873
1476	3876
1480	3878
1486	3880
1498	3884
1515	3886
1529	3889
1528	3891
1508	3893
1496	3896
1498	3898
1509	3901
1522	3903
1529	3905
1529	3908
1521	3910
1519	3913
1524	3915
1527	3917
1523	3920
1514	3922
1502	3926
1495	3928
1493	3930
1494	3933
1490	3935
1488	3937
1488	3940
1490	3942
1493	3945
1495	3947
1495	3949
1494	3952
1495	3954
1497	3957
1505	3959
1512	3961
1520	3964
1513	3966
1492	3970
1478	3972
1467	3974
1463	3977
1469	3979
1486	3982
1502	3984
1506	3986
1506	3989
1511	3991
1511	3994
1493	3996
1478	3998
1476	4001
1483	4003
1486	4006
1481	4008
1475	4011
1473	4014
1477	4016
1477	4018
1473	4021
1477	4023
1486	4026
1497	4028
1503	4030
1492	4033
1475	4035
1468	4038
1464	4040
1463	4042
1471	4045
1477	4047
1480	4050
1479	4052
1477	4055
1475	4058
1478	4060
1480	4063
1484	4065
1486	4067
1481	4070
1480	4072
1480	4075
1484	4077
1496	4079
1507	4082
1511	4084
1511	4087
1516	4089
1528	4091
1534	4094
1532	4097
1533	4099
1534	4102
1541	4104
1556	4107
1560	4109
1553	4111
1533	4114
1540	4116
1554	4119
1567	4121
1562	4123
1539	4126
1518	4128
1506	4131
1496	4133
1491	4135
1489	4139
1487	4141
1481	4144
1477	4146
1477	4148
1475	4151
1473	4153
1471	4156
1477	4158
1487	4160
1502	4163
1509	4165
1508	4168
1514	4170
1526	4172
1531	4175
1523	4177
1522	4179
1520	4183
1514	4185
1512	4188
1512	4190
1521	4192
1534	4195
1542	4197
1530	4200
1521	4202
1513	4204
1518	4207
1522	4209
1519	4212
1503	4214
1486	4216
1477	4219
1467	4221
1457	4225
1452	4227
1456	4229
1463	4232
1465	4234
1463	4237
1473	4239
1484	4241
1488	4244
1487	4246
1482	4249
1486	4251
1493	4253
1491	4256
1481	4258
1470	4260
1471	4263
1473	4265
1483	4269
1496	4271
1501	4273
1501	4276
1499	4278
1518	4281
1527	4283
1523	4285
1513	4288
1506	4290
1497	4293
1490	4295
1485	4297
1482	4300
1477	4302
1472	4305
1467	4307
1464	4310
1464	4313
1465	4315
1469	4318
1481	4320
1490	4322
1487	4325
1477	4327
1472	4330
1476	4332
1498	4334
1525	4337
1530	4339
1517	4341
1511	4344
1514	4346
1525	4349
1535	4352
1528	4354
1516	4357
1508	4359
1520	4362
1532	4364
1537	4366
1537	4369
1533	4371
1538	4374
1540	4376
1537	4378
1532	4381
1525	4383
1521	4386
1508	4388
1499	4390
1491	4393
1486	4396
1486	4399
1494	4401
1500	4403
1500	4406
1499	4408
1492	4411
1491	4413
1496	4415
1498	4418
1496	4420
1497	4422
1505	4425
1513	4427
1510	4430
1507	4432
1513	4434
1514	4438
1515	4440
1513	4443
1509	4445
1516	4447
1525	4450
1538	4452
1536	4455
1518	4457
1510	4459
1504	4462
1495	4464
1488	4467
1484	4469
1483	4471
1486	4474
1489	4476
1490	4480
1498	4482
1510	4484
1518	4487
1512	4489
1496	4492
1486	4494
1485	4496
1489	4499
1494	4501
1494	4503
1492	4506
1493	4508
1495	4511
1502	4513
1509	4515
1513	4518
1514	4520
1513	4524
1516	4526
1516	4528
1512	4531
1499	4533
1492	4536
1499	4538
1519	4540
1536	4543
1535	4545
1534	4548
1530	4550
1528	4552
1519	4555
1498	4557
1481	4560
1475	4562
1475	4564
1475	4568
1476	4570
1475	4573
1471	4575
1468	4577
1470	4580
1476	4582
1476	4584
1472	4587
1469	4589
1471	4592
1484	4594
1498	4596
1506	4599
1511	4601
1513	4604
1515	4606
1529	4609
1540	4612
1545	4614
1540	4617
1524	4619
1501	4621
1491	4624
1489	4626
1492	4629
1500	4631
1507	4633
1515	4636
1517	4638
1516	4641
1521	4643
1518	4645
1504	4648
1488	4651
1489	4654
1497	4656
1506	4658
1503	4661
1492	4663
1479	4665
1475	4668
1470	4670
1470	4673
1473	4675
1474	4677
1477	4680
1488	4682
1506	4685
1527	4687
1539	4689
1543	4692
1543	4695
1543	4698
1541	4700
1537	4702
1540	4705
1545	4707
1544	4710
1534	4712
1519	4714
1511	4717
1507	4719
1506	4722
1505	4724
1501	4726
1494	4729
1490	4731
1484	4734
1474	4737
1475	4739
1487	4742
1512	4744
1542	4746
1554	4749
1540	4751
1525	4754
1502	4756
1492	4758
1491	4761
1491	4763
1494	4766
1501	4768
1504	4770
1518	4773
1527	4775
1528	4779
1520	4781
1516	4783
1515	4786
1513	4788
1509	4791
1499	4793
1485	4795
1480	4798
1481	4800
1490	4803
1501	4805
1511	4807
1515	4810
1517	4812
1516	4815
1503	4817
1486	4819
1487	4823
1492	4825
1493	4828
1482	4830
1475	4832
1477	4835
1477	4837
1473	4839
1472	4842
1473	4844
1483	4847
1486	4849
1477	4851
1463	4854
1451	4856
1446	4859
1451	4861
1469	4864
1482	4867
1495	4869
1495	4872
1489	4874
1492	4876
1502	4879
1514	4881
1520	4884
1511	4886
1502	4888
1504	4891
1512	4893
1521	4896
1514	4898
1493	4900
1478	4903
1471	4905
1472	4909
1474	4911
1476	4913
1471	4916
1468	4918
1465	4920
1462	4923
1465	4925
1472	4928
1477	4930
1480	4932
1483	4935
1486	4937
1496	4940
1504	4942
1495	4944
1486	4947
1487	4950
1491	4953
1494	4955
1489	4957
1480	4960
1480	4962
1481	4965
1482	4967
1480	4969
1481	4972
1485	4974
1493	4977
1506	4979
1522	4981
1533	4984
1528	4986
1497	4989
1481	4992
1473	4994
1469	4997
1472	4999
1481	5001
1489	5004
1493	5006
1487	5009
1487	5011
1490	5013
1487	5016
1478	5018
1477	5021
1483	5023
1491	5025
1491	5028
1486	5030
1483	5033
1489	5036
1493	5038
1492	5041
1483	5043
1481	5046
1483	5048
1486	5050
1494	5053
1502	5055
1499	5058
1495	5060
1494	5062
1502	5065
1517	5067
1530	5070
1537	5072
1531	5074
1518	5078
1506	5080
1492	5082
1491	5085
1505	5087
1521	5090
1525	5092
1515	5094
1490	5097
1475	5099
1471	5102
1471	5104
1469	5106
1461	5109
1454	5111
1458	5114
1468	5116
1479	5118
1491	5122
1497	5124
1494	5127
1485	5129
1478	5131
1482	5134
1488	5136
1487	5139
1483	5141
1480	5143
1482	5146
1490	5148
1509	5151
1522	5153
1516	5155
1514	5158
1519	5160
1520	5163
1523	5166
1518	5168
1513	5171
1508	5173
1505	5175
1509	5178
1518	5180
1529	5183
1532	5185
1524	5187
1514	5190
1513	5192
1513	5195
1510	5197
1504	5199
1496	5202
1501	5204
1503	5208
1503	5210
1505	5212
1506	5215
1512	5217
1520	5220
1530	5222
1530	5224
1514	5227
1496	5229
1488	5232
1488	5234
1501	5236
1523	5239
1546	5241
1559	5243
1547	5246
1523	5249
1502	5252
1490	5254
1482	5256
1475	5259
1473	5261
1479	5264
1490	5266
1505	5268
1521	5271
1519	5273
1509	5276
1496	5278
1484	5280
1482	5283
1484	5285
1493	5288
1501	5291
1512	5293
1527	5296
1536	5298
1530	5301
1517	5303
1522	5305
1532	5308
1541	5310
1529	5313
1511	5315
1519	5317
1541	5320
1569	5322
1582	5324
1565	5327
1545	5329
1533	5332
1527	5335
1518	5337
1507	5340
1499	5342
1498	5345
1503	5347
1506	5349
1502	5352
1497	5354
1495	5357
1490	5359
1482	5361
1479	5364
1483	5366
1484	5369
1490	5371
1507	5373
1513	5377
1516	5379
1520	5382
1516	5384
1510	5386
1507	5389
1519	5391
1541	5394
1566	5396
1566	5398
1551	5401
1544	5403
1544	5405
1530	5408
1512	5410
1498	5413
1495	5415
1493	5417
1488	5421
1485	5423
1482	5426
1485	5428
1486	5430
1484	5433
1479	5435
1474	5438
1471	5440
1469	5442
1467	5445
1468	5447
1476	5450
1485	5452
1488	5454
1485	5457
1483	5459
1480	5463
1486	5465
1500	5467
1520	5470
1537	5472
1537	5475
1520	5477
1501	5479
1488	5482
1486	5484
1485	5486
1490	5489
1490	5491
1475	5494
1470	5496
1481	5498
1493	5501
1502	5504
1499	5507
1488	5509
1480	5511
1473	5514
1466	5516
1457	5519
1453	5521
1458	5523
1470	5526
1483	5528
1496	5531
1497	5533
1494	5535
1478	5538
1463	5540
1453	5543
1449	5545
1449	5548
1455	5551
1460	5553
1463	5556
1470	5558
1488	5560
1509	5563
1508	5565
1483	5567
1467	5570
1467	5572
1470	5575
1479	5577
1498	5579
1513	5582
1517	5584
1509	5587
1483	5590
1471	5592
1468	5595
1467	5597
1463	5600
1460	5602
1455	5604
1462	5607
1474	5609
1487	5612
1495	5614
1488	5616
1484	5619
1501	5621
1523	5624
1530	5626
1521	5628
1490	5632
1466	5634
1457	5637
1457	5639
1458	5641
1458	5644
1456	5646
1456	5648
1467	5651
1478	5653
1481	5656
1486	5658
1497	5660
1506	5663
1507	5665
1501	5668
1500	5670
1503	5672
1506	5676
1502	5678
1508	5681
1514	5683
1511	5685
1502	5688
1479	5690
1464	5693
1460	5695
1466	5697
1482	5700
1496	5702
1501	5705
1506	5707
1512	5709
1507	5712
1500	5714
1488	5718
1477	5720
1471	5722
1465	5725
1461	5727
1461	5729
1473	5732
1496	5734
1519	5737
1535	5739
1529	5741
1525	5744
1516	5746
1509	5749
1505	5751
1509	5753
1513	5756
1509	5758
1504	5762
1498	5764
1496	5766
1494	5769
1493	5771
1494	5774
1498	5776
1504	5778
1510	5781
1516	5783
1516	5786
1505	5788
1492	5790
1479	5793
1479	5795
1484	5798
1490	5800
1497	5803
1499	5806
1500	5808
1502	5810
1504	5813
1506	5815
1507	5818
1498	5820
1487	5822
1486	5825
1496	5827
1518	5830
1540	5832
1555	5834
1546	5837
1529	5839
1520	5842
1513	5844
1510	5847
1500	5850
1489	5852
1486	5855
1485	5857
1482	5859
1477	5862
1475	5864
1473	5867
1466	5869
1460	5871
1459	5874
1453	5876
1445	5879
1449	5881
1456	5883
1462	5886
1464	5889
1472	5891
1493	5894
1517	5896
1532	5899
1528	5901
1504	5903
1495	5906
1500	5908
1521	5911
1548	5913
1568	5915
1572	5918
1562	5920
1546	5923
1532	5925
1516	5927
1502	5931
1496	5933
1499	5936
1503	5938
1505	5940
1504	5943
1500	5945
1500	5948
1501	5950
1502	5952
1497	5955
1491	5957
1490	5960
1497	5962
1509	5964
1524	5967
1531	5969
1533	5971
1528	5975
1532	5977
1547	5980
1563	5982
1562	5984
1537	5987
1523	5989
1513	5992
1502	5994
1500	5996
1506	5999
1518	6001
1521	6004
1517	6006
1504	6008
1497	6011
1504	6013
1515	6017
1519	6019
1522	6021
1523	6024
1520	6026
1511	6029
1506	6031
1507	6033
1510	6036
1510	6038
1510	6041
1512	6043
1510	6045
1511	6048
1519	6050
1529	6052
1532	6055
1531	6057
1532	6061
1526	6063
1525	6065
1526	6068
1532	6070
1540	6073
1548	6075
1547	6077
1539	6080
1539	6082
1544	6085
1552	6087
1544	6089
1527	6092
1518	6094
1512	6097
1504	6099
1497	6102
1492	6105
1495	6107
1501	6110
1503	6112
1499	6114
1495	6117
1493	6119
1498	6122
1513	6124
1529	6126
1540	6129
1545	6131
1532	6133
1517	6136
1513	6138
1502	6141
1488	6144
1485	6146
1485	6149
1483	6151
1479	6154
1469	6156
1463	6158
1460	6161
1464	6163
1476	6166
1498	6168
1514	6170
1517	6173
1508	6175
1507	6178
1510	6180
1513	6182
1514	6185
1518	6188
1520	6191
1513	6193
1510	6195
1501	6198
1500	6200
1497	6203
1494	6205
1499	6207
1508	6210
1513	6212
1517	6214
1516	6217
1516	6219
1522	6222
1525	6224
1528	6226
1532	6230
1534	6232
1542	6235
1563	6237
1586	6239
1599	6242
1591	6244
1567	6247
1542	6249
1531	6251
1522	6254
1514	6256
1516	6259
1534	6261
1563	6263
1579	6266
1574	6268
1549	6272
1516	6274
1501	6276
1497	6279
1497	6281
1496	6284
1491	6286
1494	6288
1510	6291
1522	6293
1527	6295
1512	6298
1495	6300
1485	6303
1479	6305
1476	6307
1475	6310
1477	6312
1477	6316
1482	6318
1492	6320
1498	6323
1495	6325
1495	6328
1499	6330
1502	6332
1503	6335
1504	6337
1518	6340
1543	6342
1561	6344
1566	6347
1561	6349
1559	6352
1555	6354
1539	6356
1518	6360
1515	6362
1519	6365
1528	6367
1540	6369
1547	6372
1544	6374
1532	6377
1530	6379
1517	6381
1503	6384
1489	6386
1480	6389
1486	6391
1495	6393
1502	6396
1506	6398
1500	6401
1496	6404
1495	6406
1501	6409
1501	6411
1499	6413
1489	6416
1477	6418
1478	6421
1484	6423
1494	6425
1501	6428
1494	6430
1484	6433
1484	6435
1488	6437
1487	6440
1475	6443
1463	6446
1464	6448
1471	6450
1481	6453
1499	6455
1520	6458
1544	6460
1561	6462
1556	6465
1535	6467
1499	6470
1475	6472
1464	6474
1461	6477
1460	6479
1457	6481
1455	6484
1453	6487
1454	6490
1461	6492
1468	6494
1467	6497
1461	6499
1464	6502
1470	6504
1480	6506
1492	6509
1509	6511
1516	6514
1511	6516
1514	6518
1524	6521
1533	6523
1528	6526
1525	6529
1528	6531
1542	6534
1553	6536
1556	6539
1553	6541
1540	6543
1543	6546
1562	6548
1582	6551
1587	6553
1572	6555
1553	6558
1534	6560
1524	6562
1518	6565
1514	6567
1529	6571
1547	6573
1561	6575
1559	6578
1539	6580
1527	6583
1527	6585
1535	6587
1540	6590
1529	6592
1511	6595
1496	6597
1486	6599
1482	6602
1496	6604
1515	6607
1527	6609
1523	6611
1500	6615
1486	6617
1485	6620
1485	6622
1488	6624
1491	6627
1492	6629
1491	6632
1486	6634
1483	6636
1484	6639
1488	6641
1497	6644
1500	6646
1505	6648
1510	6651
1523	6653
1554	6656
1578	6659
1574	6661
1545	6664
1511	6666
1487	6668
1480	6671
1485	6673
1488	6676
1484	6678
1475	6680
1465	6683
1462	6685
1461	6688
1462	6690
1464	6692
1467	6695
1472	6697
1479	6701
1486	6703
1490	6705
1489	6708
1489	6710
1499	6713
1514	6715
1530	6717
1539	6720
1534	6722
1522	6725
1512	6727
1512	6729
1517	6732
1523	6734
1530	6736
1544	6739
1556	6742
1562	6745
1562	6747
1550	6749
1542	6752
1538	6754
1539	6757
1533	6759
1518	6761
1512	6764
1532	6766
1555	6769
1563	6771
1556	6773
1517	6776
1491	6778
1480	6781
1473	6784
1470	6786
1470	6789
1470	6791
1469	6794
1470	6796
1475	6798
1486	6801
1500	6803
1505	6806
1502	6808
1506	6810
1524	6813
1544	6815
1553	6817
1551	6820
1542	6822
1542	6825
1536	6828
1522	6830
1518	6833
1522	6835
1533	6838
1554	6840
1581	6842
1590	6845
1574	6847
1547	6850
1518	6852
1509	6854
1513	6857
1525	6859
1550	6862
1562	6864
1562	6866
1545	6870
1517	6872
1512	6875
1510	6877
1502	6879
1489	6882
1472	6884
1477	6887
1520	6889
1562	6891
1575	6894
1549	6896
1503	6898
1475	6901
1462	6903
1457	6906
1460	6908
1472	6910
1478	6914
1477	6916
1474	6919
1463	6921
1456	6923
1457	6926
1466	6928
1477	6931
1487	6933
1498	6935
1500	6938
1501	6940
1520	6943
1549	6945
1567	6947
1559	6950
1553	6952
1573	6956
1600	6958
1609	6960
1597	6963
1554	6965
1521	6968
1496	6970
1480	6972
1478	6975
1484	6977
1493	6979
1501	6982
1505	6984
1501	6987
1493	6989
1481	6991
1473	6994
1469	6996
1474	7000
1482	7002
1491	7004
1499	7007
1501	7009
1503	7012
1503	7014
1494	7016
1486	7019
1483	7021
1484	7024
1491	7026
1511	7028
1537	7031
1558	7033
1550	7036
1534	7038
1525	7041
1509	7044
1498	7046
1494	7049
1491	7051
1488	7053
1484	7056
1488	7058
1494	7060
1495	7063
1490	7065
1483	7068
1475	7070
1466	7072
1462	7075
1461	7077
1475	7080
1495	7083
1513	7085
1519	7088
1518	7090
1533	7093
1545	7095
1535	7097
1500	7100
1484	7102
1481	7105
1480	7107
1477	7109
1479	7112
1486	7114
1503	7117
1513	7119
1510	7121
1504	7124
1491	7127
1482	7130
1480	7132
1477	7134
1475	7137
1477	7139
1487	7141
1502	7144
1510	7146
1508	7149
1497	7151
1489	7153
1493	7156
1509	7158
1527	7161
1558	7163
1575	7165
1571	7169
1535	7171
1501	7174
1482	7176
1468	7178
1470	7181
1496	7183
1532	7186
1553	7188
1561	7190
1531	7193
1499	7195
1475	7198
1459	7200
1451	7202
1449	7205
1454	7207
1465	7211
1473	7213
1474	7215
1468	7218
1461	7220
1459	7222
1464	7225
1473	7227
1489	7230
1507	7232
1521	7234
1525	7237
1511	7239
1505	7242
1506	7244
1525	7246
1546	7249
1548	7251
1526	7255
1495	7257
1478	7259
1482	7262
1497	7264
1504	7267
1504	7269
1498	7271
1489	7274
1484	7276
1481	7279
1484	7281
1488	7283
1488	7286
1483	7288
1474	7291
1469	7293
1465	7296
1466	7299
1477	7301
1502	7303
1527	7306
1535	7308
1524	7311
1510	7313
1491	7315
1483	7318
1487	7320
1492	7323
1495	7325
1496	7327
1498	7330
1505	7332
1518	7335
1532	7337
1539	7340
1535	7343
1520	7345
1507	7348
1503	7350
1499	7352
1502	7355
1512	7357
1524	7360
1525	7362
1513	7364
1495	7367
1490	7369
1497	7372
1508	7374
1511	7376
1506	7379
1496	7382
1491	7384
1491	7387
1493	7389
1496	7392
1499	7394
1504	7396
1509	7399
1512	7401
1511	7404
1503	7406
1504	7408
1508	7411
1507	7413
1502	7416
1500	7418
1500	7420
1501	7424
1503	7426
1507	7429
1515	7431
1524	7433
1530	7436
1528	7438
1527	7441
1529	7443
1532	7445
1534	7448
1534	7450
1534	7453
1547	7455
1558	7457
1563	7460
1553	7462
1534	7464
1524	7468
1523	7470
1526	7473
1531	7475
1532	7477
1522	7480
1510	7482
1504	7485
1501	7487
1506	7489
1515	7492
1522	7494
1530	7497
1530	7499
1523	7501
1514	7504
1502	7506
1490	7510
1484	7512
1481	7514
1482	7517
1486	7519
1491	7522
1496	7524
1501	7526
1509	7529
1517	7531
1521	7534
1525	7536
1529	7538
1533	7541
1530	7543
1521	7545
1506	7548
1507	7550
1520	7554
1531	7556
1541	7558
1535	7561
1514	7563
1499	7566
1493	7568
1493	7570
1498	7573
1500	7575
1496	7578
1486	7580
1480	7582
1478	7585
1475	7587
1473	7590
1476	7592
1480	7595
1483	7598
1481	7600
1473	7603
1464	7605
1461	7607
1462	7610
1463	7612
1463	7615
1463	7617
1465	7619
1467	7622
1469	7624
1470	7627
1469	7629
1466	7631
1467	7634
1465	7636
1461	7639
1458	7642
1455	7644
1460	7647
1471	7649
1477	7651
1474	7654
1465	7656
1452	7659
1442	7661
1438	7663
1435	7666
1435	7668
1435	7671
1436	7673
1440	7675
1446	7678
1452	7681
1458	7684
1461	7686
1462	7688
1464	7691
1467	7693
1470	7696
1473	7698
1476	7700
1481	7703
1489	7705
1501	7708
1512	7710
1524	7712
1542	7715
1566	7717
1592	7720
1621	7723
1650	7725
1663	7728
1662	7730
1642	7732
1623	7735
1610	7737
1606	7740
1609	7742
1617	7744
1628	7747
1638	7749
1643	7752
1645	7754
1645	7756
1643	7759
1644	7761
1648	7764
1652	7767
1655	7769
1657	7772
1659	7774
1660	7777
1662	7779
1662	7781
1663	7784
1663	7786
1663	7789
1662	7791
1663	7793
1663	7796
1663	7798
1664	7800
1664	7803
1665	7805
1666	7809
1667	7811
1669	7813
1670	7816
1672	7818
1673	7821
1677	7823
1689	7825
1701	7828
1711	7830
1716	7833
1714	7835
1704	7837
1694	7840
1684	7842
1678	7845
1675	7847
1673	7849
1674	7853
1676	7855
1679	7858
1683	7860
1685	7862
1686	7865
1685	7867
1684	7870
1683	7872
1684	7874
1685	7877
1686	7879
1688	7881
1689	7884
1690	7886
1691	7889
1692	7891
1693	7894
1693	7897
1694	7899
1692	7902
1690	7904
1686	7906
1682	7909
1678	7911
1676	7914
1677	7916
1676	7918
1674	7921
1672	7923
1669	7926
1667	7928
1666	7930
1668	7933
1673	7936
1674	7939
1670	7941
1661	7943
1651	7946
1641	7948
1633	7951
1628	7953
1624	7955
1621	7958
1619	7960
1618	7962
1618	7965
1617	7967
1615	7970
1612	7972
1610	7974
1608	7977
1607	7980
1606	7983
1604	7985
1603	7987
1602	7990
1600	7992
1599	7995
1597	7997
1595	7999
1592	8002
1590	8004
1588	8007
1586	8009
1584	8011
1581	8014
1578	8016
1575	8019
1572	8022
1569	8024
1565	8027
1562	8029
1558	8032
1556	8034
1556	8036
1559	8039
1559	8041
1556	8043
1551	8046
1547	8048
1541	8051
1532	8053
1523	8055
1515	8058
1509	8060
1504	8064
1501	8066
1497	8068
1494	8071
1491	8073
1489	8076
1486	8078
1484	8080
1482	8083
1480	8085
1479	8088
1478	8090
1477	8092
1476	8095
1475	8097
1474	8100
1474	8102
1473	8104
1473	8108
1473	8110
1472	8113
1472	8115
1471	8117
1470	8120
1470	8122
1469	8124
1468	8127
1466	8129
1465	8132
1463	8134
1461	8136
1459	8139
1457	8141
1455	8144
1453	8146
1451	8148
1449	8152
1447	8154
1445	8157
1443	8159
1443	8161
1443	8164
1442	8166
1442	8169
1440	8171
1437	8173
1433	8176
1430	8178
1426	8181
1423	8183
1420	8185
1418	8188
1417	8190
1416	8194
1415	8196
1415	8198
1414	8201
1413	8203
1413	8206
1413	8208
1413	8210
1412	8213
1412	8215
1411	8217
1410	8220
1410	8222
1410	8225
1410	8227
1410	8229
1410	8232
1410	8235
1410	8238
1411	8240
1412	8242
1412	8245
1412	8247
1413	8250
1414	8252
1414	8254
1413	8257
1412	8259
1411	8262
1410	8264
1409	8266
1410	8269
1410	8271
1410	8274
1412	8276
1415	8279
1416	8282
1417	8284
1415	8287
1413	8289
1411	8291
1410	8294
1409	8296
1409	8298
1409	8301
1409	8303
1412	8306
1419	8308
1424	8310
1424	8313
1419	8315
1413	8318
1411	8321
1406	8323
1404	8326
1402	8328
1401	8331
1401	8333
1400	8335
1400	8338
1400	8340
1399	8343
1399	8345
1399	8347
1399	8350
1399	8352
1400	8355
1400	8357
1401	8359
1402	8363
1403	8365
1404	8368
1404	8370
1406	8372
1407	8375
1408	8377
1409	8379
1410	8382
1411	8384
1412	8387
1413	8389
1415	8391
1417	8394
1419	8396
1421	8399
1423	8401
1423	8403
1424	8407
1425	8409
1430	8412
1437	8414
1442	8416
1440	8419
1436	8421
1431	8424
1428	8426
1426	8428
1425	8431
1424	8433
1423	8436
1422	8438
1421	8440
1420	8443
1419	8445
1419	8449
1418	8451
1418	8453
1417	8456
1416	8458
1416	8460
1415	8463
1414	8465
1413	8468
1412	8470
1411	8472
1410	8475
1409	8477
1408	8480
1407	8482
1405	8484
1404	8487
1403	8489
1402	8493
1400	8495
1397	8497
1396	8500
1395	8502
1394	8505
1392	8507
1391	8509
1390	8512
1391	8514
1391	8517
1391	8519
1390	8521
1388	8524
1386	8526
1384	8529
1382	8531
1380	8534
1380	8537
1379	8539
1378	8541
1377	8544
1377	8546
1376	8549
1375	8551
1375	8553
1375	8556
1375	8558
1375	8561
1375	8563
1375	8565
1376	8568
1376	8570
1378	8573
1379	8576
1380	8578
1381	8581
1380	8583
1380	8586
1381	8588
1382	8590
1383	8593
1384	8595
1385	8598
1386	8600
1387	8602
1388	8605
1389	8607
1391	8610
1394	8612
1396	8614
1399	8617
1402	8620
1404	8622
1407	8625
1409	8627
1411	8630
1412	8632
1413	8634
1415	8637
1416	8639
1418	8642
1420	8644
1422	8646
1424	8649
1425	8651
1427	8654
1428	8656
1430	8658
1431	8662
1433	8664
1434	8667
1435	8669
1435	8671
1437	8674
1439	8676
1440	8679
1441	8681
1442	8683
1442	8686
1442	8688
1443	8691
1442	8693
1441	8695
1441	8698
1441	8700
1444	8702
1445	8706
1446	8708
1447	8711
1447	8713
1446	8715
1445	8718
1445	8720
1444	8723
1444	8725
1444	8727
1444	8730
1444	8732
1443	8735
1443	8737
1444	8739
1446	8742
1446	8744
1446	8748
1446	8750
1445	8752
1445	8755
1445	8757
1445	8760
1446	8762
1447	8764
1447	8767
1447	8769
1447	8772
1448	8774
1449	8776
1449	8779
1450	8781
1451	8783
1453	8786
1454	8788
1456	8792
1457	8794
1457	8796
1456	8799
1456	8801
1456	8804
1457	8806
1458	8808
1459	8811
1460	8813
1460	8816
1461	8818
1462	8820
1463	8823
1464	8825
1465	8828
1466	8830
1467	8833
1468	8836
1469	8838
1470	8841
1472	8843
1474	8845
1474	8848
1475	8850
1476	8853
1479	8855
1480	8857
1482	8860
1484	8862
1486	8865
1487	8867
1489	8869
1490	8872
1492	8875
1493	8877
1495	8880
1498	8882
1502	8885
1503	8887
1505	8889
1505	8892
1504	8894
1504	8897
1505	8899
1505	8901
1505	8904
1506	8906
1507	8909
1509	8911
1509	8913
1510	8916
1511	8919
1512	8922
1512	8924
1513	8926
1513	8929
1513	8931
1514	8934
1515	8936
1517	8938
1518	8941
1518	8943
1519	8946
1520	8948
1521	8950
1522	8953
1523	8955
1523	8957
1523	8961
1523	8963
1522	8966
1522	8968
1524	8970
1526	8973
1528	8975
1529	8978
1530	8980
1531	8982
1531	8985
1532	8987
1533	8990
1535	8992
1536	8994
1537	8997
1537	8999
1536	9003
1536	9005
1535	9007
1534	9010
1533	9012
1532	9015
1531	9017
1530	9019
1530	9022
1529	9024
1529	9027
1529	9029
1528	9031
1528	9034
1527	9036
1525	9038
1525	9041
1524	9043
1524	9047
1523	9049
1522	9051
1521	9054
1520	9056
1519	9059
1518	9061
1517	9063
1517	9066
1516	9068
1516	9071
1515	9073
1515	9075
1514	9078
1513	9080
1512	9083
1511	9085
1510	9088
1509	9091
1508	9093
1506	9096
1505	9098
1504	9100
1504	9103
1504	9105
1503	9108
1502	9110
1501	9112
1500	9115
1498	9117
1497	9119
1495	9122
1494	9124
1493	9127
1492	9129
1490	9132
1489	9135
1487	9137
1485	9140
1484	9142
1482	9144
1480	9147
1479	9149
1479	9152
1478	9154
1476	9156
1475	9159
1473	9161
1472	9164
1471	9166
1469	9168
1468	9171
1466	9174
1465	9177
1464	9179
1464	9181
1464	9184
1463	9186
1462	9189
1461	9191
1461	9193
1460	9196
1460	9198
1460	9201
1459	9203
1458	9205
1457	9208
1457	9210
1457	9212
1456	9216
1456	9218
1455	9221
1455	9223
1455	9225
1455	9228
1455	9230
1455	9233
1454	9235
1453	9237
1453	9240
1453	9242
1454	9245
1454	9247
1454	9249
1454	9252
1454	9254
1454	9257
1455	9260
1455	9262
1455	9265
1456	9267
1456	9270
1456	9272
1456	9274
1457	9277
1457	9279
1457	9282
1457	9284
1456	9286
1457	9289
1458	9291
1460	9293
1462	9296
1463	9298
1464	9302
1464	9304
1465	9306
1466	9309
1467	9311
1467	9314
1468	9316
1468	9318
1469	9321
1469	9323
1470	9326
1471	9328
1472	9330
1473	9333
1473	9335
1474	9338
1474	9340
1475	9342
1475	9346
1476	9348
1476	9351
1477	9353
1477	9355
1477	9358
1477	9360
1478	9363
1478	9365
1479	9367
1479	9370
1480	9372
1480	9374
1480	9377
1480	9379
1481	9382
1481	9384
1482	9387
1482	9390
1483	9392
1484	9395
1484	9397
1485	9399
1485	9402
1484	9404
1483	9407
1483	9409
1483	9411
1483	9414
1483	9416
1483	9419
1483	9421
1484	9423
1484	9426
1485	9428
1485	9432
1485	9434
1485	9436
1486	9439
1486	9441
1486	9444
1487	9446
1487	9448
1487	9451
1487	9453
1487	9456
1487	9458
1487	9460
1488	9463
1489	9465
1490	9467
1490	9470
1491	9473
1491	9476
1492	9478
1493	9480
1493	9483
1493	9485
1493	9488
1494	9490
1494	9492
1495	9495
1495	9497
1495	9500
1495	9502
1494	9504
1494	9507
1494	9509
1495	9512
1496	9515
1497	9517
1497	9520
1497	9522
1499	9525
1500	9527
1501	9529
1502	9532
1503	9534
1503	9537
1503	9539
1504	9541
1504	9544
1504	9546
1505	9548
1505	9551
1505	9553
1506	9556
1505	9559
1505	9561
1505	9564
1506	9566
1506	9569
1506	9571
1507	9573
1507	9576
1507	9578
1508	9581
1508	9583
1508	9585
1508	9588
1508	9590
1508	9593
1509	9595
1509	9597
1509	9601
1509	9603
1510	9606
1510	9608
1510	9610
1510	9613
1510	9615
1509	9618
1510	9620
1511	9622
1513	9625
1514	9627
1515	9630
1515	9632
1516	9634
1517	9637
1517	9639
1518	9643
1519	9645
1520	9647
1520	9650
1521	9652
1522	9654
1523	9657
1524	9659
1526	9662
1527	9664
1527	9666
1526	9669
1526	9671
1527	9674
1527	9676
1528	9678
1530	9681
1531	9683
1532	9687
1532	9689
1533	9691
1534	9694
1535	9696
1535	9699
1536	9701
1537	9703
1537	9706
1538	9708
1538	9711
1539	9713
1539	9715
1539	9718
1540	9720
1541	9723
1541	9725
1542	9728
1543	9731
1543	9733
1544	9735
1544	9738
1544	9740
1544	9743
1544	9745
1544	9747
1544	9750
1544	9752
1544	9755
1544	9757
1544	9759
1545	9762
1545	9764
1546	9767
1546	9769
1546	9772
1546	9775
1546	9777
1546	9780
1546	9782